0	1.36571
0	3.23133
0	1.75569
0	1.94406
0	2.29793
0	5.99182
0	1.58299
0	3.41076
0	1.81092
0	1.51168
0	3.92321
0	1.68068
0	1.55536
0	3.84664
0	1.9473
0	1.60476
0	2.33846
0	1.43506
0	2.23511
0	1.8999
0	2.2973
0	2.97042
0	1.77844
0	3.36038
0	2.76679
0	3.79515
0	1.55608
0	2.35566
0	1.82729
0	1.82685
0	5.81517
0	1.64009
0	1.75915
0	2.39029
0	1.97286
0	2.50629
0	1.99226
0	1.67062
0	1.97893
0	2.50344
0	2.48453
0	2.32767
1	5.64930593175814
0	1.98387
0	2.81321
0	2.22625
0	1.81955
1	9.41758280573413
0	2.28533
0	1.66673
0	2.24797
0	1.80872
0	2.11571
0	2.88301
0	3.06977
0	2.13598
0	2.98506
0	1.89578
0	2.03514
0	1.92136
0	2.42876
0	1.47461
0	2.01324
0	1.81666
0	2.32822
0	3.11322
0	1.51303
0	2.10305
0	2.73845
0	1.70337
0	2.44967
0	1.72185
0	2.44202
0	1.74567
0	1.57427
0	1.98425
0	3.71104
0	2.42897
0	2.9516
0	1.88461
0	2.9652
0	1.57333
0	2.0781
0	1.60456
0	1.97897
0	1.81881
0	3.22754
0	3.43725
0	1.83888
0	1.55557
0	3.00988
0	1.98723
0	2.48561
0	1.67891
0	2.03723
0	2.54666
0	2.72059
0	1.66106
0	1.6671
0	1.69642
0	2.84072
0	1.63693
0	2.32397
0	1.78513
0	1.7772
1	5.69100571703166
0	2.57289
0	1.81409
0	2.05895
0	1.60432
0	1.69332
0	1.4491
0	1.98577
0	1.48512
0	1.64459
0	1.71195
0	3.49851
0	1.60162
0	2.60103
0	1.67545
0	1.80621
0	2.08617
0	1.70398
0	1.45856
0	1.65066
0	1.98258
0	4.25537
0	2.03651
0	1.55124
0	1.782
0	1.75479
0	2.98687
0	1.94535
0	1.99158
0	1.81555
0	2.03918
0	3.29023
0	3.37739
0	3.22625
0	1.80214
0	2.26232
0	1.44985
0	3.02621
0	1.55224
0	1.83519
0	1.78383
0	2.06537
0	1.69248
0	1.81025
0	2.29283
0	5.00645
0	2.63724
0	2.47716
0	1.60044
0	3.01214
0	2.12373
0	1.49944
0	2.8953
0	1.7766
0	1.88291
0	2.10935
0	1.41176
0	1.41907
0	2.96885
0	2.04002
0	1.6796
0	1.79922
0	1.6335
0	2.18076
0	1.63818
0	1.52788
0	1.61481
0	1.63012
0	2.32633
0	1.96752
0	3.38627
0	1.35745
0	1.91624
0	1.42379
0	1.77927
0	1.80951
0	5.38525
0	2.21454
1	4.34814863745123
0	2.83886
0	1.63692
0	2.17985
0	2.95075
0	1.73397
0	1.63627
0	1.70217
0	1.61421
0	1.49081
0	3.35989
0	1.97897
0	1.63182
0	1.78377
0	2.59551
0	1.83913
0	1.57862
0	2.62134
0	1.65915
0	3.38214
0	2.56337
0	1.6654
0	1.82048
0	1.54064
0	2.60418
0	1.73259
0	2.19329
1	4.05386036774144
0	1.58251
0	2.43191
0	2.30098
0	1.77617
0	2.07476
0	1.89166
0	2.20198
0	2.25
0	1.21818
0	1.62014
0	3.21079
0	2.35236
0	1.65545
0	1.40794
0	2.03242
0	2.47816
0	2.58003
0	2.19673
0	1.75676
0	3.35491
0	1.94443
0	1.59277
0	1.76891
0	1.9132
0	2.287
0	3.45943
0	2.16867
0	2.01302
0	1.94463
0	2.32615
0	1.94721
0	2.81702
0	2.01368
0	2.21266
0	2.33031
0	1.62024
0	1.80234
0	1.63149
0	1.78362
0	2.02754
0	1.89605
0	2.56599
0	2.31355
0	3.81565
0	1.82326
0	1.68962
0	1.60448
0	1.67337
0	1.84826
0	2.61845
0	1.67143
0	1.91395
0	1.53365
0	1.88373
0	2.20726
0	1.585
0	2.76473
0	1.51398
0	3.7432
0	1.50491
0	5.03798
0	2.46888
0	1.78869
0	2.1214
0	1.88126
0	2.76576
0	6.7304
0	2.53743
0	2.37847
0	2.98399
0	1.44309
0	2.29879
0	1.60245
0	2.15374
0	1.8082
0	2.33704
0	1.84611
0	1.96594
1	7.2580624721013
0	2.48047
0	2.84944
0	2.11555
0	1.86698
0	1.54092
0	1.74679
0	1.941
0	2.32046
0	2.37474
0	1.67928
0	2.28534
0	1.93432
0	3.10882
0	2.03677
0	1.44421
0	1.77842
0	1.76682
0	1.90657
0	1.52599
0	2.13267
0	1.70807
0	1.73288
0	2.01818
0	1.54107
0	1.70444
0	2.23522
0	1.73578
0	1.55659
0	2.03215
0	2.07784
0	1.65631
0	2.5479
0	2.14434
0	1.54349
0	4.47204
0	1.97893
0	2.02025
0	2.841
0	2.15619
0	1.60151
0	2.69447
0	1.83441
0	2.41554
0	1.93671
0	3.99153
0	1.68355
0	1.58951
0	1.6482
0	2.10191
0	2.11916
0	1.95454
0	2.51833
0	1.48721
0	1.74145
1	4.62021733401343
0	2.89959
0	1.86426
0	1.75998
0	2.04199
0	1.6822
0	1.38012
0	3.25353
0	1.59052
0	1.78291
0	2.19974
0	3.37018
0	2.10596
0	1.94738
0	1.87181
0	1.55958
0	2.7228
0	2.09418
0	1.5472
0	1.58215
0	2.1775
0	3.31551
0	1.82816
0	4.92048
0	1.79179
0	1.65573
0	4.43565
0	2.21784
0	2.16108
0	1.93998
0	2.26446
0	2.46559
0	1.99401
0	1.66199
0	2.34253
1	5.02912400988862
1	9.6690660789609
0	2.43758
0	1.49591
0	5.72835
0	3.43371
0	1.4067
0	1.7505
0	1.66717
0	2.26579
0	2.02801
0	1.90744
0	2.19364
0	1.53233
0	1.40122
0	1.41707
0	1.99434
0	1.56398
0	4.30023
0	2.07146
0	2.37966
0	2.17147
0	1.36335
0	1.35563
0	5.25567
0	1.71661
0	2.21499
0	2.2421
0	1.70938
0	2.17177
0	3.39129
0	4.93751
0	1.83341
0	2.44657
0	1.55349
0	2.14075
0	2.52764
0	2.80832
0	2.03901
0	1.51373
0	1.48781
0	1.51835
0	1.84535
0	3.23204
0	5.2496
0	1.61277
0	2.17747
0	2.22917
0	2.27805
0	2.32455
0	1.96767
0	2.79643
0	3.19839
0	2.60751
0	4.09842
0	1.66336
0	1.58487
0	1.48466
0	1.49635
0	5.89887
0	2.31493
0	1.74817
0	1.91745
0	1.93964
0	1.59319
0	1.79768
0	2.01887
0	1.5786
0	2.34046
0	2.16726
0	1.9522
0	1.96235
0	1.89716
0	2.06241
0	2.05395
0	1.97798
0	2.84891
0	2.11765
0	2.0414
0	2.16239
0	2.04592
0	2.01443
0	1.55977
0	2.10028
0	1.78754
0	1.62415
0	1.75408
0	1.78414
0	2.30384
0	1.58128
0	3.4311
0	1.42601
0	1.97773
0	3.01687
0	2.27688
0	1.42677
0	1.70968
0	2.27766
0	1.79469
0	1.99032
0	1.83225
0	2.03361
0	3.32821
0	3.39623
0	1.63898
0	1.58736
0	1.7086
0	1.53606
0	2.045
0	1.64372
0	1.87871
0	2.12288
0	2.32697
0	1.80475
0	2.07163
0	2.4043
0	1.57337
0	1.58789
0	1.64662
0	2.22061
0	3.07581
0	2.32855
0	1.80918
0	4.7553
0	1.60896
0	1.48802
0	2.42875
0	1.72174
0	2.72092
0	1.54101
0	1.5682
0	1.54733
0	1.7575
0	2.47238
0	6.44977
0	1.93223
0	1.65089
0	1.91034
0	1.82943
0	3.50589
0	1.72233
0	2.0627
0	2.41362
0	8.26397
0	2.04646
0	3.03653
0	1.85433
0	2.41669
0	1.99155
0	2.01405
0	1.86264
0	1.69265
0	2.09814
0	2.00378
0	1.80932
0	1.66443
0	2.0962
0	2.79387
0	1.34953
0	1.89201
0	1.57995
0	2.0081
0	1.88028
0	2.50828
0	2.36135
0	2.17221
0	1.7858
0	2.11361
0	1.59427
0	1.53505
0	2.86137
0	1.68308
0	3.76279
0	2.05969
0	2.01321
0	1.945
0	1.64208
0	1.96035
0	2.04889
0	1.86128
0	1.8143
0	2.75142
0	1.82415
0	2.14045
0	1.67225
0	2.01778
0	1.8279
0	2.33383
0	1.65152
0	1.8605
0	3.19445
0	2.25601
0	1.89236
0	2.2085
0	1.87779
0	1.82802
0	1.69873
0	4.16506
0	1.48525
0	2.22897
0	1.66368
0	2.12033
0	1.96533
0	2.12738
0	2.54111
0	1.38726
0	2.34969
0	2.95293
0	1.92026
0	1.77007
0	5.34498
0	1.59595
0	2.10918
0	2.28199
0	1.90842
0	7.30947
0	2.42513
0	1.7551
0	1.80594
0	2.1286
0	3.29071
0	2.44755
0	2.97518
0	1.29625
0	1.71984
0	2.21045
0	2.55685
0	3.54626
0	2.90904
0	1.46826
0	2.20438
0	2.73613
0	2.20387
0	2.45715
0	1.77711
0	1.56938
0	1.58463
0	1.81887
0	3.10654
0	1.90991
0	2.20775
0	1.88181
0	2.224
0	2.44722
0	1.96015
0	1.48346
0	1.73985
0	1.33725
0	1.39158
0	1.50445
0	1.63591
0	1.99989
0	2.31481
0	1.72352
0	3.27747
0	2.00387
0	1.78659
0	1.98873
0	3.99181
0	1.43648
0	1.5197
0	1.71388
0	1.59594
0	3.03674
0	1.60554
0	1.66735
0	1.49376
0	3.23571
0	2.50297
0	2.37318
0	2.77109
0	4.2067
0	2.47345
0	3.16796
0	1.95448
0	1.65746
0	2.36483
0	1.89652
0	1.86171
0	2.75423
0	1.79355
0	2.0206
0	2.05179
0	1.44401
0	1.57446
0	1.58326
0	1.72658
0	2.37251
0	2.46562
0	1.66061
0	2.03114
0	1.79295
0	5.38964
0	1.76331
0	1.97482
0	4.2485
0	1.96204
0	1.81087
0	1.87733
0	2.50115
0	1.93372
0	1.93095
0	1.66876
1	6.06378845497966
0	1.56366
0	1.64258
0	1.58405
0	1.73434
0	1.93407
0	1.36965
0	1.44628
0	1.56113
0	1.65599
0	2.01877
0	1.5715
0	1.98789
0	1.67358
0	1.73852
0	1.69402
0	2.33592
0	2.03532
0	1.55531
0	5.27043
0	1.54542
0	1.49625
0	2.48016
0	1.80496
0	1.60847
0	1.76963
0	4.82405
0	1.77045
0	2.1405
0	5.63107
0	2.4526
0	2.21013
0	1.42546
0	2.15895
0	1.56474
0	1.86034
0	2.07184
0	1.71438
0	1.99242
0	3.14897
0	1.52624
0	1.64085
0	1.64122
0	1.50613
0	1.92325
0	2.25828
0	2.03228
0	1.7347
0	2.22525
0	1.52331
0	1.72584
0	1.9662
0	1.55721
0	2.24537
0	1.90197
0	1.78371
0	3.29034
0	1.62786
0	1.50851
0	1.61939
0	2.23576
0	1.99043
0	1.87246
0	1.60053
1	5.74706762097776
0	3.49401
0	1.79008
0	1.82052
0	1.89418
0	2.41053
0	3.23918
0	1.64488
0	1.86127
0	1.87977
0	1.93014
0	1.59596
0	2.43037
1	4.06463868357241
0	1.53733
0	1.7818
0	1.88858
0	3.7561
0	1.55492
0	2.79624
0	2.44049
0	1.44456
0	1.95267
0	1.86996
0	2.4358
0	1.83025
0	2.97304
0	1.67475
0	3.15845
0	1.99707
0	1.7193
0	1.68549
0	1.54906
0	2.04246
0	1.57136
0	1.56427
0	1.61154
0	1.48742
0	2.09655
0	4.10542
0	1.99882
0	2.39984
0	1.58687
0	2.26321
0	2.73661
0	2.3039
0	1.47215
0	1.67822
0	2.47369
0	2.33299
1	5.8897501938045
0	1.68993
0	2.83204
0	1.69065
0	2.16723
0	1.62336
0	1.62197
0	1.40688
0	1.60124
0	2.5528
0	1.88809
0	1.69385
0	2.65255
0	1.74858
0	1.81666
0	2.1303
0	1.78751
0	1.68966
0	2.31678
0	2.08628
0	2.15396
0	2.03892
0	1.74999
0	4.78654
0	1.49438
0	2.55085
0	1.66112
0	2.18224
0	2.00571
0	1.56947
0	1.52113
0	2.84474
0	2.79076
0	2.28953
0	2.16352
0	1.71927
0	2.79953
0	5.73481
0	2.42895
0	1.68212
0	2.01666
0	1.52799
0	1.70291
0	1.92978
0	1.40085
0	1.58188
0	2.20081
0	1.46314
0	2.58031
0	1.59936
0	2.47471
0	2.87915
0	2.86544
0	1.95613
0	1.70963
0	1.75162
0	2.61357
0	2.84599
0	1.63184
0	2.85797
0	1.9668
0	2.6416
0	2.04574
0	2.973
0	1.60326
0	2.36084
0	1.79458
0	2.27946
0	2.20746
0	2.16818
0	1.88501
0	1.91659
0	5.94832
0	2.7936
0	2.34755
0	2.74882
0	2.48686
0	2.37912
0	2.06821
0	1.88581
0	1.50829
0	1.54602
0	1.54704
0	2.2475
0	1.43288
0	2.46524
0	1.40679
0	2.39177
0	2.14357
0	1.79522
0	2.16387
0	1.57236
0	2.84595
1	5.12571319378912
0	2.69325
0	1.86727
0	2.16563
0	2.20075
0	1.83008
0	2.06959
0	1.94352
0	1.76598
0	1.4144
0	1.91814
0	1.46649
0	3.78909
0	1.60136
0	1.77537
0	3.03207
0	2.28042
0	1.39489
0	1.47595
0	1.55251
0	2.08381
0	1.52897
1	5.02689520595595
0	1.91976
0	1.86873
0	1.95594
0	1.50234
0	2.49618
0	2.03498
0	2.11355
0	1.74092
0	2.18885
0	2.48272
0	1.72517
0	2.12465
0	1.81181
0	1.68944
0	1.83628
0	1.77175
0	2.16055
0	2.48387
0	1.84469
0	1.44405
0	2.03909
0	2.95593
0	2.71024
0	1.65245
0	1.77555
0	2.00558
0	1.65661
0	1.89477
0	1.82076
0	1.53992
0	1.72865
0	1.40186
0	4.83666
0	1.87593
0	3.4686
0	1.60619
0	2.707
0	2.13474
0	1.65758
0	5.67176
0	1.56688
0	1.84299
0	1.628
0	1.57754
0	2.09521
0	1.85637
0	1.95225
0	2.12904
0	1.53334
0	2.73202
0	2.23242
0	2.33751
0	1.86802
0	4.02081
0	1.54879
0	1.9301
0	1.71626
0	1.63627
0	1.37369
0	1.71395
0	1.56197
0	1.57492
1	4.07008012710139
0	1.5111
0	1.70724
0	2.70341
0	1.63477
0	1.69147
0	1.80504
0	2.07775
0	1.53831
0	3.47
0	1.54622
0	2.51868
0	1.53123
0	1.9186
0	2.90451
0	2.11439
0	1.86365
0	1.78709
0	1.45294
0	2.37355
0	2.43476
0	2.03984
0	2.19369
0	2.77026
0	5.10555
0	1.72766
0	1.99573
0	1.75672
0	1.73575
1	6.70099561894313
0	1.63039
1	5.39227255759761
0	2.26784
0	3.3896
0	4.61931
0	3.64505
0	2.08373
0	2.08534
0	1.71196
0	1.52312
0	1.51163
0	1.9032
0	2.09965
0	1.48518
0	2.93033
0	1.98147
0	2.82685
0	1.95433
0	1.63502
0	1.88713
0	1.78813
0	1.75983
0	2.22544
1	5.1559616564773
0	2.17017
0	2.50387
0	1.67203
0	2.05034
0	2.01214
0	1.92924
0	2.12303
0	2.11265
0	1.73209
0	1.99606
0	1.62491
0	2.23391
0	1.84882
0	1.72185
0	1.5116
0	1.61754
0	2.02514
0	2.51554
0	1.63402
0	1.41447
0	1.65764
0	1.61359
0	2.08072
0	3.09457
0	1.77443
0	1.50461
0	1.6299
0	2.50505
0	1.94231
0	1.70242
0	1.86171
0	2.95562
0	1.5666
0	2.99069
0	1.47915
0	1.83943
0	2.22425
0	1.69442
0	3.31542
0	2.23807
0	2.88098
0	1.83819
0	1.6252
0	1.79808
0	2.26835
0	2.46619
0	2.35699
0	3.1408
0	2.09617
0	1.72296
0	1.97515
0	1.39792
0	4.5529
0	1.541
0	1.87761
0	2.49739
0	1.88566
0	3.26163
0	4.01748
0	2.29468
0	2.01813
0	1.56696
0	1.87683
0	2.11179
0	1.51026
0	2.18371
0	2.31792
0	2.00446
0	2.21521
0	2.39506
0	2.09604
0	3.07917
0	1.92771
0	1.7513
0	2.33085
0	2.55901
0	1.33532
0	4.10507
0	2.20077
0	1.61421
0	2.43683
0	1.63443
0	2.59909
0	1.87711
0	1.95863
0	2.23306
0	3.01563
0	1.71502
0	2.19239
0	1.88808
0	2.72511
0	3.14338
0	2.01575
0	1.85022
0	2.51293
0	2.40242
0	3.14023
0	1.88543
0	2.41818
0	2.56838
0	2.21111
0	2.19187
0	2.83348
0	1.70781
0	1.84069
0	2.41799
0	2.87077
0	2.61862
0	2.77487
0	1.82826
0	1.5812
0	1.83006
0	1.89536
0	1.64012
0	2.35531
0	1.70469
0	1.42716
0	1.8285
0	1.60105
0	2.04458
0	1.5561
0	1.78521
0	1.91433
0	2.84337
0	1.45923
0	2.85536
0	1.46352
0	1.87708
0	1.72819
0	2.54661
0	1.95442
0	1.89463
0	2.57422
0	3.20651
0	2.02989
0	1.89318
0	2.00108
0	1.7056
0	1.53405
0	1.66498
0	2.12551
0	2.39172
0	1.73382
0	1.35846
0	2.95646
0	1.62398
0	2.05166
0	2.08419
0	1.4985
1	6.0330220926553
0	5.87223
0	1.62571
0	1.57693
0	2.28375
0	1.37853
0	2.05309
0	2.08409
0	2.1021
0	1.59273
0	2.42882
0	3.10388
0	1.69373
0	2.62573
0	1.60509
0	2.07231
0	2.27175
0	1.38427
0	2.07702
0	1.83243
0	1.75281
0	1.74181
0	1.96245
0	1.34419
0	1.55146
0	1.67234
0	1.71485
0	2.07852
0	1.91178
0	3.7238
0	1.59533
0	1.45104
0	1.87558
0	2.57558
0	2.06907
0	2.48124
0	2.29131
0	2.01635
0	2.41825
0	1.88595
0	1.51822
0	1.75048
0	1.91679
0	1.78539
0	1.4423
0	1.83373
0	1.64387
0	1.75257
0	2.67128
0	2.20132
0	2.96435
0	1.7701
0	1.39744
0	2.06382
0	2.27921
0	1.76173
0	2.95858
0	1.87779
0	1.7869
0	1.81463
0	1.49508
0	1.84957
0	1.94977
0	3.01743
0	1.811
0	1.88848
0	2.11358
0	3.68302
1	7.34747054148465
0	1.99291
0	1.82571
0	2.74854
0	1.4896
0	1.31926
0	2.13151
0	1.53392
0	2.78591
0	1.53014
0	1.73258
0	1.88748
0	1.84902
0	1.54585
0	4.48297
0	1.71288
0	2.17405
0	1.98119
0	1.62466
0	2.09867
0	1.82511
0	2.75972
0	1.94282
0	1.70851
1	6.30285454075783
0	3.32058
0	1.69632
0	1.70797
0	2.20615
0	1.48229
0	1.76397
0	2.54187
0	2.42913
0	1.65624
0	1.55323
0	1.80638
0	2.61058
0	1.88272
0	1.80965
0	1.77726
0	1.77666
0	2.10118
0	1.97231
0	2.21298
0	1.55209
0	1.85715
0	1.63276
0	2.93662
0	1.86262
0	1.66517
0	1.71887
0	2.69019
0	1.67997
0	1.60539
0	2.62757
0	2.534
0	1.74799
0	1.8798
0	1.9431
0	1.78509
0	1.80829
0	1.54664
0	1.7214
0	1.38424
0	1.57329
0	1.5351
0	1.99139
0	1.63307
0	1.72422
0	4.63964
0	2.62949
0	1.41966
0	1.87585
0	1.75997
0	1.77406
0	1.61017
0	2.42943
0	1.5037
0	1.76447
0	1.64573
0	2.76355
0	2.18784
0	4.68895
0	1.79894
0	3.78499
0	1.49149
0	1.5957
0	1.60197
0	1.77779
0	2.17117
0	1.70068
0	2.26132
0	1.99361
0	3.49207
0	1.80559
0	1.84745
0	2.14059
0	2.43555
0	1.56689
0	1.6482
0	2.15567
0	1.66318
0	2.18587
0	2.68703
0	1.90513
0	1.85997
0	3.45297
0	2.02293
0	3.91159
0	1.7887
0	1.60561
0	1.81335
0	1.68394
0	2.80522
0	2.35933
0	1.73316
0	1.65329
0	2.92037
1	7.10904029989615
0	3.59285
0	1.65849
0	1.7403
0	1.84067
0	1.76768
0	1.81442
0	1.55474
0	1.47211
0	2.0404
0	1.51405
0	1.92608
0	2.85239
0	1.69607
0	1.48588
0	1.72911
0	2.12626
0	2.056
0	1.71294
0	2.31128
0	1.95806
0	3.3528
0	2.75762
0	2.24776
0	1.67789
0	1.84352
0	2.40706
0	2.01938
0	1.61379
0	1.91879
0	2.2171
0	1.5862
0	1.86411
1	4.17162783816457
0	1.75477
0	1.79547
0	2.34789
0	2.01405
0	1.75749
0	1.65628
0	1.36428
0	2.32918
0	2.58571
0	1.80466
0	2.24641
0	1.5664
0	1.62369
0	1.56827
0	2.70658
0	4.10229
0	1.61992
0	2.16105
0	2.03685
0	2.02595
0	3.34506
0	1.71434
0	1.68345
0	2.76185
0	1.72473
0	2.38984
0	2.31756
0	4.02978
0	1.45777
0	1.56997
0	1.61834
0	1.43683
0	2.2069
0	1.92434
0	2.19555
0	1.73686
0	1.65333
0	2.73758
0	1.67073
0	2.33162
0	1.90329
0	3.99171
0	1.96988
0	2.2595
0	3.04749
0	1.71134
0	2.04402
0	1.81462
0	1.89039
0	1.57853
0	1.55632
0	1.6522
0	1.87683
0	1.56511
0	1.59276
0	1.67918
0	1.7913
0	1.63973
0	2.06166
0	4.69345
0	5.26897
0	1.98609
0	1.92164
0	1.91143
0	1.79597
1	4.48171168426052
0	3.28378
0	2.44402
0	1.4009
0	3.24062
0	3.11751
0	1.62293
0	2.99669
0	2.35832
0	2.21379
0	1.57463
0	1.46978
0	2.45868
0	1.5592
0	2.59361
1	5.51148729911074
0	1.66318
0	1.99529
0	1.77211
0	1.80554
0	1.31625
0	1.39459
0	2.08423
0	1.79283
0	1.77641
0	2.08361
0	3.72965
0	1.6833
0	2.07975
0	1.66373
0	2.04984
0	2.81855
0	1.56333
0	1.91506
0	1.66041
0	1.98833
0	1.75635
0	1.57629
0	1.8409
0	2.76847
0	2.06685
0	1.53205
0	2.1433
0	2.29179
0	1.5993
0	2.38944
0	1.93305
0	1.86763
0	4.51216
0	2.63831
0	1.90596
0	1.56767
0	5.3895
0	2.07803
0	1.59834
0	2.02783
0	1.78967
0	1.64524
0	1.71947
0	1.77261
0	1.46385
0	2.44095
0	2.84283
0	5.40173
0	3.24186
0	2.11599
0	3.99133
0	1.76217
0	1.84069
0	1.84279
0	1.71494
0	1.95862
0	2.23372
0	1.77492
0	1.68586
0	2.66962
0	3.58012
0	1.65603
0	2.17535
0	3.65023
0	2.94781
0	1.69381
0	2.78286
0	1.7338
0	2.69535
0	1.86069
0	5.12532
0	2.18108
0	1.78761
0	2.94935
0	1.9784
0	1.6702
0	1.69638
0	1.81929
0	2.12787
0	1.80489
0	1.55022
0	1.66263
0	2.89986
0	1.93559
0	1.81294
0	3.37646
0	2.09335
0	2.15453
0	2.07723
0	2.47914
0	2.63123
0	1.46566
0	2.15253
0	1.65332
0	3.83269
0	1.634
0	2.37309
0	1.97915
0	2.23359
0	1.50694
0	1.7649
0	1.6089
0	2.64466
0	1.77871
0	2.51254
0	2.38306
0	4.00265
0	1.9906
0	2.26701
0	1.89659
0	2.3631
0	5.13239
0	1.53312
0	1.39228
0	5.67436
0	1.82327
0	1.91924
0	1.70047
0	1.67011
0	1.78714
0	2.49337
0	2.34885
0	1.76573
0	1.82187
0	2.13407
0	2.09556
0	1.97943
0	1.99105
0	1.87938
0	1.66402
0	1.59643
0	1.98866
0	1.6647
0	3.0966
0	2.16571
0	1.85451
0	3.80595
0	1.73496
0	3.09365
0	3.22452
0	2.29626
0	2.14001
0	3.39903
0	3.13843
0	2.04943
0	2.09808
0	1.88462
0	2.08875
0	3.20373
0	1.64129
0	1.74544
0	3.56682
0	3.90677
0	1.48981
0	1.90736
0	6.47891
0	1.55207
0	1.47485
0	2.41464
0	2.57493
0	2.01977
0	2.17569
0	2.08747
0	2.82316
0	2.25427
0	2.24337
0	1.50981
0	2.56359
0	2.72173
0	1.86779
0	2.52927
0	2.0928
0	1.71288
0	2.42928
0	1.60938
0	2.22407
0	1.86246
0	2.96975
0	1.94338
0	2.13498
0	2.08625
0	1.56439
0	2.22284
0	4.15256
0	2.03039
0	2.29627
0	2.77489
0	1.66525
0	1.82452
0	1.67606
0	4.70293
0	3.77566
0	1.54758
0	6.41259
0	2.13095
0	1.41449
0	3.14405
0	1.60102
0	1.93034
0	2.09151
0	1.33916
0	1.45492
0	2.68054
0	1.75932
0	3.14486
0	1.65308
0	2.23095
0	3.57415
0	1.71381
0	1.93987
0	1.96717
0	1.5871
0	1.809
0	2.18689
0	2.47848
0	1.45844
0	1.689
0	2.68395
0	2.57774
0	2.91571
0	1.93708
0	1.4964
0	1.52312
0	2.56074
0	2.34671
0	3.04833
0	1.45743
0	1.78609
0	1.99907
0	4.36192
0	1.40969
0	2.86952
0	1.79978
0	1.88265
0	5.6759
0	1.64371
0	2.30103
0	1.45128
0	1.71611
0	2.54962
0	1.54673
0	1.7177
1	5.41071334527805
0	1.98846
0	2.22447
0	2.39214
0	3.98347
0	2.49541
0	2.08865
0	1.61509
0	2.23882
0	2.69203
0	1.51802
0	1.75395
0	1.60049
0	2.90785
0	2.19845
0	2.11656
0	1.76262
0	2.23569
0	1.74753
0	2.27715
0	1.49264
0	1.60321
0	2.35827
0	2.07528
0	1.96633
0	1.88719
0	3.19705
0	1.36408
0	2.1284
0	1.93051
0	1.93671
0	2.94624
0	2.14457
0	1.61349
0	1.83451
0	1.67916
0	1.59345
0	1.7041
0	3.01502
0	2.52982
0	2.07416
0	1.89305
0	2.52104
0	1.69716
0	1.87836
0	1.38411
0	2.08729
0	1.31868
0	2.29121
1	4.94870054582134
0	1.80761
0	1.78754
0	2.17497
0	1.47
0	1.88133
0	2.02269
0	2.13541
0	2.2161
0	1.82128
0	2.04036
0	2.19965
0	1.19505
0	1.72661
0	4.15307
0	3.86941
0	3.46253
0	1.46632
0	2.31513
0	1.65213
0	1.8758
0	1.86733
0	1.91726
0	2.5934
0	1.49336
0	2.20115
0	1.70331
0	2.009
0	2.08472
0	1.83411
0	1.67541
0	1.57675
0	1.91245
0	1.93907
0	2.37339
1	4.20040642097592
0	2.21026
0	1.71611
0	1.66687
0	1.92944
0	2.38967
0	2.08371
0	1.78717
0	2.02787
0	2.23203
0	1.41901
0	2.41879
0	2.37997
0	1.36001
0	2.71956
0	2.53892
0	1.52759
0	2.64287
0	1.6864
0	1.74323
0	2.01497
0	1.53571
0	1.54897
0	3.30415
0	1.78989
0	1.96488
0	1.3567
0	2.33823
0	2.16537
0	2.32936
0	1.57277
0	1.68047
0	1.75077
0	2.27588
0	1.53489
0	3.78505
0	1.59609
0	1.9682
0	2.08948
0	2.20372
0	2.34777
0	1.62908
0	1.85233
0	4.51854
0	1.47306
0	1.78475
0	2.67668
0	1.97931
0	2.08747
0	1.57491
0	1.48017
0	1.93606
0	1.37616
0	1.43793
0	1.52421
0	2.02139
0	1.73092
0	5.5919
0	4.10501
0	2.39925
0	2.27636
0	1.91284
0	1.59964
0	1.59574
0	2.40165
0	1.68671
0	1.82612
0	1.92737
0	2.95818
0	2.15918
0	1.63844
0	1.64244
0	2.54756
0	1.65874
0	1.8868
0	1.73244
0	1.83704
0	1.83209
0	2.33682
0	1.61011
0	2.98785
0	1.54154
0	1.97942
0	2.51661
0	3.05289
0	1.54068
0	2.25483
0	1.87174
0	1.68219
0	2.13963
0	1.37538
0	1.87561
0	2.6631
0	2.47003
0	1.77763
0	2.00992
0	2.4034
0	2.25187
0	2.09649
0	2.70924
0	1.96582
0	1.45307
0	1.7333
0	2.69705
0	2.35754
0	2.09644
0	2.82275
0	1.73709
0	1.67944
0	2.32988
0	1.82285
0	1.61783
0	2.12669
0	1.78399
0	1.9874
0	2.20425
1	5.24324482120574
0	4.57903
0	3.06865
0	1.57684
0	1.48125
0	2.20876
0	2.46682
0	1.53408
1	4.20607267832384
0	1.96969
0	2.3979
0	1.93951
0	1.79808
0	1.8476
0	1.58028
0	2.3767
0	3.51752
0	1.65336
0	1.70315
0	1.60597
0	2.14638
0	5.76796
0	2.51775
0	1.41699
0	4.3296
0	1.79392
0	2.14379
0	1.60549
0	1.441
0	1.98121
0	2.14215
0	1.76509
0	1.58763
0	1.55013
0	1.9738
0	2.4925
0	2.879
0	1.8343
0	2.12023
0	1.70014
0	1.71081
0	1.97957
0	3.91454
0	1.5138
0	2.06837
0	1.79551
0	2.27194
0	1.4185
0	1.69201
0	1.66511
0	1.96466
0	2.17537
0	2.09939
0	3.05358
0	1.51631
0	2.53001
0	2.19402
0	2.32671
0	1.5281
0	1.8336
0	3.03558
0	2.7984
0	2.69831
0	1.5905
0	1.65878
0	2.01864
0	1.85251
0	2.02167
0	1.47366
0	2.25033
0	1.47817
0	1.97191
0	1.74447
0	2.45389
0	1.65034
0	2.31004
0	2.01879
0	2.64827
0	1.79716
0	2.50733
0	1.87763
0	1.76033
0	1.67432
0	1.7606
0	2.1067
0	1.93913
0	1.89013
0	2.25313
0	2.04795
0	4.3009
0	2.32253
0	3.7703
0	1.87631
0	2.8245
0	4.45772
0	2.24783
0	1.54288
0	2.56017
0	1.67096
0	1.6822
0	1.66285
0	1.51149
0	1.62094
0	1.82585
0	1.58769
0	2.01621
0	1.83361
0	1.35461
0	1.57507
0	2.14827
0	1.84437
0	1.58961
0	3.27765
0	4.14061
0	1.32262
0	1.65907
0	2.24183
0	1.90993
0	1.69258
0	1.67102
0	1.49348
0	1.92674
0	2.02223
0	1.69821
0	1.63421
0	1.9726
0	1.87531
0	2.12613
0	4.33654
0	1.75483
0	1.9424
0	1.65683
0	2.07401
0	1.51803
0	2.37663
0	2.69345
0	2.13268
0	1.93417
0	2.88631
0	3.94468
0	1.73853
0	1.68224
0	2.24492
0	2.79018
0	1.55254
0	2.093
0	4.63713
0	2.62332
0	1.72134
0	2.14216
0	3.09194
0	1.77675
0	2.33432
0	3.56028
0	1.59336
0	2.47335
0	2.10832
0	1.50668
0	1.43389
0	1.96876
0	1.53304
0	1.72638
0	2.16136
0	2.47656
0	1.57566
0	2.01322
0	1.82656
0	3.46147
0	1.6729
0	1.77475
0	1.88221
0	5.46183
0	1.75548
0	2.06863
0	2.33843
0	2.14213
0	1.68777
0	1.81664
0	1.56269
0	1.81776
0	2.03431
0	1.57707
0	1.46575
0	1.73998
0	1.79573
0	1.76574
1	4.02897065831348
0	2.46674
0	2.09818
0	1.57362
0	2.46186
0	2.05831
0	3.052
0	2.5324
0	1.7823
0	3.33402
0	2.97348
0	2.95849
0	1.6256
0	3.90569
0	2.03054
0	2.10433
0	2.3823
0	1.65099
0	2.03377
0	1.57796
0	2.27436
0	1.52986
0	2.86022
0	2.36751
0	2.36445
0	1.55818
0	2.22839
0	1.8436
0	2.33564
0	3.19258
0	1.46109
0	1.80333
0	2.04251
0	2.02996
1	9.88077793689445
0	1.73038
0	1.80225
0	2.63008
1	5.83684367407113
0	1.71206
0	3.51328
0	2.38849
0	1.56952
0	1.6436
0	1.89937
0	1.6191
0	3.10583
0	2.67435
0	1.74916
0	2.25895
0	1.42635
0	1.52761
0	1.53368
0	2.36025
0	2.5979
0	1.80468
0	2.63244
0	2.20796
0	2.50008
0	1.68276
0	2.28193
0	2.05673
0	2.21898
0	2.44389
0	1.89271
0	1.77009
0	1.93685
0	2.86899
0	2.36527
0	2.27623
0	1.7958
0	1.80273
0	1.87207
0	4.04076
0	1.89823
0	2.47721
0	1.86531
0	1.74267
0	2.1518
0	1.93044
0	2.12275
0	1.94246
0	2.74753
0	2.37662
0	2.48973
0	2.0453
0	2.71801
0	1.56259
0	2.24082
0	2.34371
0	1.74325
0	1.68501
0	2.5863
0	1.50009
0	4.74718
0	1.51106
0	2.10798
0	1.83044
0	2.12747
0	1.77747
0	2.07262
0	1.53895
0	2.29379
0	1.56393
0	1.50185
0	4.04539
0	4.1392
0	1.54939
0	1.6951
0	2.37149
0	1.98406
0	2.23454
0	1.75898
0	1.731
0	3.51425
0	2.04819
0	2.32431
0	1.87002
0	2.0694
0	1.80807
0	3.92238
0	1.42387
0	1.95065
0	2.2771
0	1.96814
0	3.21649
0	2.2514
0	2.60252
0	2.10728
0	1.74231
0	1.50586
0	1.99023
0	1.90727
0	2.21466
0	2.32386
0	1.6734
0	1.41561
0	2.14513
0	2.9872
0	2.20333
0	1.86651
0	3.12451
0	2.2945
0	1.44181
0	3.40813
0	1.73721
0	1.63991
0	1.71672
0	2.00487
0	1.38361
0	2.58759
0	1.68636
0	2.6616
0	1.4613
0	3.31123
0	1.94867
0	1.7601
0	2.40482
0	1.98202
0	2.0503
0	1.66248
0	1.87303
0	2.06252
0	2.62183
0	1.61257
0	1.95077
0	1.61812
0	1.54398
0	1.51607
0	1.50952
0	1.40031
0	2.07203
0	1.97955
0	1.40515
0	2.3774
0	3.27424
0	1.41869
0	1.35522
0	1.75229
0	1.92058
0	2.24178
0	2.07058
0	1.40729
0	4.07612
0	2.11728
0	2.30649
0	2.58888
0	2.25562
0	1.65969
0	2.97449
0	2.15571
0	1.55806
0	1.62649
0	1.77274
0	2.39497
0	1.76749
0	1.86503
0	1.88051
0	2.25861
0	1.3896
0	1.46718
0	1.48482
0	2.71542
0	2.76638
0	2.72229
0	1.944
0	3.03259
0	3.37451
0	1.97504
1	5.32903065951541
0	1.71523
0	1.63952
0	1.93279
0	2.66815
0	1.85527
0	1.84873
0	2.58278
0	2.6639
0	3.06912
0	1.43714
0	1.86062
0	2.08737
0	2.12892
0	1.92031
0	1.67888
0	1.47462
0	1.95771
0	2.12864
0	3.83031
0	1.83046
0	2.50498
0	2.12011
0	2.00808
0	1.50195
0	3.23446
0	1.43756
0	1.87722
0	2.9324
0	1.31947
0	1.80209
0	1.60625
0	1.58341
0	1.71946
0	2.12232
0	3.7595
0	1.82663
0	2.70803
0	2.44307
0	1.46984
0	1.87022
0	2.12992
0	2.12672
0	1.60425
0	2.49813
0	2.89163
0	1.89264
0	1.53094
0	1.75735
0	1.80335
0	3.83159
0	2.39698
0	1.91861
0	1.65879
0	1.33684
0	1.9444
0	1.77455
0	1.87362
0	3.14218
0	1.92403
0	1.61264
0	6.38341
0	1.96264
0	2.85858
0	3.73407
0	2.814
0	1.74505
0	1.77557
0	1.80229
0	1.72084
0	1.72521
0	2.02624
0	5.43708
0	1.9178
0	2.69473
0	5.47884
0	4.66851
0	2.59056
0	1.78941
0	2.42045
0	2.04444
0	3.45589
0	2.2797
0	1.5604
0	3.57878
0	2.03696
0	1.57406
0	2.06529
0	1.84001
0	2.71385
0	2.12326
0	2.18583
0	1.99521
0	2.54277
0	2.44513
0	1.56054
0	1.37523
0	2.37176
0	2.32385
0	1.43157
0	3.18632
0	2.23134
0	1.55045
0	2.76164
0	2.05018
0	2.41671
0	1.93439
0	3.01013
0	1.38521
0	1.57723
0	1.3389
0	1.98384
0	1.49556
0	1.38655
0	2.93617
0	2.72718
0	2.514
0	1.58918
0	1.68304
0	2.02661
0	4.55973
0	1.72318
0	3.60237
0	1.81222
0	1.84453
0	1.7217
0	2.11789
0	2.99531
0	1.67528
0	3.19254
0	2.01067
0	3.72461
0	1.61479
0	2.0899
0	2.40775
0	2.19802
0	2.23204
0	1.72388
0	1.73603
0	2.60355
0	1.90794
0	2.79021
0	1.66006
0	3.28614
0	6.08907
0	1.49836
0	3.21056
0	1.73851
0	1.69168
0	1.9219
0	1.92552
0	1.87274
0	1.71823
0	3.55755
0	2.06607
0	2.8212
0	2.00007
0	1.56195
0	2.72358
0	1.57404
0	1.61771
0	1.92412
1	4.75155047606677
0	1.95717
0	1.31625
0	1.63796
0	1.58122
0	2.71029
0	1.7015
0	2.78087
0	1.9262
0	2.13055
0	1.46709
0	1.7498
0	1.98904
0	2.10008
0	1.74618
0	1.68987
0	2.30196
0	1.41357
0	1.99122
0	2.51749
0	2.10631
0	1.64907
0	2.46586
0	1.60461
0	2.78659
0	1.88637
0	2.89677
0	2.73487
0	1.60832
0	2.45866
0	2.11354
0	1.86754
0	1.73855
0	1.54295
0	1.91542
0	3.43338
1	4.27433658530936
0	1.77861
0	2.26074
0	2.18943
0	2.89943
0	2.48766
0	4.09768
0	1.55345
0	1.98693
0	2.16616
0	1.60379
0	2.2657
0	2.76701
0	2.10149
0	1.89914
0	1.66501
0	1.60912
0	2.81871
0	1.71145
0	2.20357
0	4.31996
0	1.47321
0	1.61895
0	2.00651
0	2.02653
0	2.44306
0	2.42087
0	3.10601
0	1.63778
0	1.69893
0	2.07282
0	2.02997
0	1.79244
0	1.61027
0	2.82045
0	1.55415
0	2.00635
0	1.72603
0	2.92827
0	2.94449
0	1.97298
0	1.56599
1	4.97317461343482
0	2.32258
0	3.27189
0	1.63211
0	1.35633
0	2.08071
0	4.1738
0	1.92965
0	1.72143
0	1.77277
0	1.8
0	2.47672
0	2.23596
0	1.9425
0	1.57499
0	1.38164
0	1.68756
0	1.90927
0	2.01596
0	1.502
0	1.4205
0	2.05867
0	1.73814
0	1.8639
0	1.52458
0	1.89972
0	1.87002
0	1.746
0	1.63347
0	1.66296
0	1.92186
0	1.47714
0	1.81529
0	1.50551
0	2.13774
0	1.6604
0	3.46579
1	4.75542553747073
0	1.3958
0	1.45126
0	2.09844
0	2.09262
0	1.86606
0	1.87771
0	2.48132
0	2.3396
0	3.88664
0	1.8999
0	2.33482
0	1.91136
0	3.53276
0	1.80507
0	1.97931
0	2.27475
0	2.05479
0	1.72601
0	4.75764
0	1.73107
0	1.65125
0	1.99183
0	1.52412
0	2.41051
0	2.61686
0	1.62483
0	1.71549
0	2.28299
0	2.08053
0	4.00349
0	2.26061
0	1.79086
0	1.81954
0	2.6973
0	1.81114
0	2.07842
0	1.50979
0	2.01011
0	2.4989
0	1.92276
0	1.42961
0	2.18259
0	2.43757
0	1.5766
0	2.14989
0	1.85701
0	1.62681
0	1.85111
0	2.29932
0	1.50363
0	2.68671
0	2.3314
0	1.82977
0	1.41248
0	1.84692
0	2.07803
0	2.23643
0	2.22718
0	3.13575
0	2.22679
0	2.48538
0	1.81485
0	3.50378
0	1.66371
0	3.88873
0	3.29399
0	2.00289
0	1.60323
0	1.64764
0	1.62067
0	2.03116
0	3.14658
0	1.67265
0	1.65389
0	2.19602
0	1.59405
0	2.03003
0	4.30836
1	4.25723326439038
0	1.47284
0	1.62104
0	2.47982
0	2.87557
0	1.82118
0	2.53246
0	1.67441
0	3.53878
0	1.9485
0	3.80887
0	2.81261
0	1.81935
0	2.35589
0	1.8929
0	2.47707
0	1.54785
0	2.42249
0	2.20766
0	2.37989
0	1.96765
0	1.58273
0	1.74035
0	1.48775
0	1.94847
0	1.69606
0	1.75599
0	2.30798
0	1.73838
0	2.262
0	1.61854
0	2.09542
0	1.9629
0	2.03353
0	1.34576
0	1.6482
0	2.0502
0	1.5616
0	1.6674
0	2.87695
0	2.59573
0	1.70358
0	4.28948
0	2.10259
1	4.2361662867479
0	2.04869
0	1.71384
0	1.82044
0	1.69141
0	2.06217
0	2.91559
0	2.22205
0	2.62708
0	1.49896
0	2.30055
0	1.39027
0	2.83886
0	1.71216
0	1.66117
0	1.69469
0	1.77748
0	1.86641
0	2.17765
0	1.48074
0	2.71448
0	1.54361
0	2.80133
0	2.28413
0	3.14007
0	1.61609
0	2.17237
0	1.6375
0	1.71006
0	1.86763
0	1.847
0	2.98814
0	1.82571
0	2.12776
0	2.96624
0	2.07879
0	1.62731
0	3.67121
0	1.63798
0	2.82636
0	2.6046
0	2.71678
0	1.64424
0	2.10365
0	5.59397
0	1.6326
0	2.66542
0	2.0667
0	1.8632
0	1.53275
0	1.4365
0	4.59852
0	2.0233
0	1.87846
1	4.00527167785913
0	1.90338
0	1.83152
0	1.93304
0	1.66887
0	3.72864
0	2.51706
0	1.61418
0	1.60091
0	1.47899
0	4.05683
0	2.98505
0	1.95986
0	1.89903
0	3.57695
0	1.78406
0	3.13866
0	1.95945
0	2.08233
0	1.70625
0	2.15433
0	2.85941
0	2.57656
0	1.63481
0	4.25642
0	1.57458
0	1.78349
0	1.61355
0	1.92714
0	1.51395
0	2.19067
0	1.74381
0	2.61565
0	2.15646
0	1.57877
0	1.93107
0	1.85145
0	1.70493
0	2.28761
0	2.63495
0	1.72706
0	2.65411
0	1.79971
0	2.28145
0	1.87704
0	1.42863
0	2.40887
0	3.55308
0	1.6029
0	1.23109
0	1.79877
0	1.32093
0	1.49752
0	1.70645
0	1.96749
0	2.09457
0	4.72066
0	1.73695
0	2.86448
0	2.43934
0	1.63332
0	2.12474
0	2.10096
0	3.03918
0	1.35482
0	1.71015
0	5.08013
0	2.50292
0	2.08362
0	1.55992
0	1.83867
0	4.20989
0	1.72212
0	1.52732
0	2.36705
0	1.4644
0	4.20319
0	3.39468
0	2.25722
0	1.99458
0	2.96314
0	1.85912
0	1.47914
0	1.27972
0	5.29063
0	1.65594
0	1.77975
0	2.36237
0	2.21955
0	1.78904
0	3.15526
0	1.68658
0	2.24091
0	1.94173
0	2.25212
0	3.296
0	1.38114
0	2.45578
0	2.44133
0	1.64472
0	2.21441
0	1.50065
0	1.72853
0	2.21241
0	2.37689
0	1.52782
0	2.52379
0	1.34541
0	2.45596
0	1.61135
0	2.64908
0	1.99246
0	1.90189
0	2.06229
0	1.85098
0	1.39998
0	1.84953
0	1.48659
0	1.98657
0	1.85368
0	1.57374
0	1.55493
0	1.45706
0	1.41754
0	4.62292
0	1.79467
0	1.85682
0	1.5106
0	2.18839
0	3.52429
0	2.18007
0	1.77128
0	1.99587
0	1.8215
0	1.71349
0	1.83806
0	1.66158
0	2.23526
0	5.55397
0	1.6373
0	1.52598
0	1.95306
0	1.38632
0	1.64849
0	1.82108
1	4.29721910413355
0	2.09043
0	1.74811
0	2.5645
0	2.23194
0	1.88275
0	1.5783
0	1.97292
0	4.83367
0	2.24868
0	2.26446
0	2.33937
0	1.93653
0	2.78596
0	2.4314
0	1.65235
0	1.80552
0	1.35434
0	2.11925
0	2.79574
0	3.56118
0	2.10738
0	1.83737
0	2.1972
0	2.16852
0	2.36702
0	2.54926
0	2.10952
0	1.86684
0	2.18436
0	2.00206
0	1.57768
0	1.92345
0	2.02253
0	1.63291
0	1.77335
0	1.23724
0	2.27887
0	1.99143
0	2.11501
0	2.415
0	1.65712
0	1.7272
0	2.51235
0	2.09081
0	1.67758
0	2.32639
0	2.77874
0	2.66139
0	2.13566
0	1.59387
0	2.82645
0	1.87608
0	1.65984
0	2.32985
0	1.64274
0	1.52145
0	3.02282
0	1.63285
0	1.98957
0	3.01035
0	1.78843
0	1.77222
0	1.55893
0	2.08414
0	2.04375
0	2.04528
0	1.68653
0	1.56386
0	2.11758
0	2.01831
0	1.4419
0	1.4915
0	2.2664
0	1.96985
0	1.65716
0	2.15584
0	2.36167
0	1.77001
0	1.81013
0	2.28621
0	2.95886
0	1.71648
0	2.95076
0	3.32451
0	1.74915
0	2.02536
0	1.46842
0	1.78674
0	2.04065
1	4.17406912753358
0	2.00195
0	6.1081
0	2.11088
0	2.34735
0	1.94007
0	1.81197
0	1.82087
0	3.18015
0	2.09031
0	1.59022
0	1.6946
0	1.80311
0	2.78933
0	2.2346
0	1.8552
0	1.83009
0	2.08292
0	1.77
0	3.71467
0	4.69196
0	1.87622
0	4.15074
0	2.02323
0	2.39347
0	2.11004
0	1.48848
0	1.84
0	2.14593
0	1.51914
0	1.84618
0	3.62199
0	1.75008
0	1.86759
0	1.4697
0	1.5211
0	2.06984
0	2.03642
0	2.33797
0	2.49256
0	2.72179
0	2.03372
0	1.8414
0	2.94744
0	2.02484
0	2.05648
0	2.19041
0	2.00756
0	3.96462
0	1.89966
0	1.357
0	1.66535
0	1.92148
0	2.48704
0	1.74926
0	1.72999
0	1.96667
0	1.69526
0	2.2565
0	2.37334
0	2.04392
0	2.1505
0	2.03079
0	2.79934
0	2.04347
1	5.17057132069021
0	4.40315
0	2.4381
0	3.94707
0	1.47659
0	1.79465
0	1.49584
0	2.0371
0	2.03792
0	1.62554
0	2.4561
0	2.97766
0	1.82311
0	1.51407
0	2.10814
0	2.4323
0	2.47262
0	1.73331
0	2.58686
0	1.94399
0	2.33645
0	2.07632
0	1.42869
0	1.53999
0	1.63756
0	2.06081
0	1.85124
0	2.01511
0	3.07972
0	2.87757
1	4.30887307599187
0	3.03082
0	2.17481
0	2.14472
1	7.23424144694582
0	2.39544
0	2.25254
0	1.6766
0	3.06369
0	2.37672
0	4.08735
0	1.62629
0	1.77508
0	1.46117
0	2.07012
0	2.89293
0	1.62118
0	1.88275
0	2.51999
0	2.04037
0	1.98092
0	3.03523
0	1.63257
0	2.0137
0	1.68272
0	1.56393
0	2.74661
0	1.45755
0	2.8664
0	1.75647
0	2.34149
0	1.64301
0	1.67222
0	1.50311
0	2.44238
0	1.64768
0	3.88941
0	1.72721
0	1.6327
0	1.66613
0	1.57403
0	1.64354
0	1.86058
0	2.25913
0	1.82783
0	1.93825
0	2.39235
0	3.64705
0	1.58884
0	2.07586
0	1.81473
0	2.02799
0	1.92815
0	1.65162
0	2.67403
0	2.72044
0	4.02407
0	1.87931
0	2.09897
0	1.71437
0	1.87827
0	1.44488
0	2.06349
1	5.35431334748864
0	4.57262
0	1.77347
0	1.76812
0	1.77706
1	6.36671091476455
0	1.50684
0	2.04691
0	1.89387
0	2.06172
0	2.10592
0	1.47054
0	2.57046
0	1.53287
0	1.89306
0	1.55632
0	1.50335
0	2.10051
0	1.89149
0	1.66156
0	1.32308
0	1.55827
0	1.86136
0	1.55197
0	2.81705
0	2.06605
0	1.90555
0	3.35103
0	2.68095
0	2.79057
0	1.89692
0	1.91313
0	2.01098
0	1.49788
0	1.95288
0	1.97469
0	2.20094
0	1.88351
0	1.56498
0	2.34146
0	1.88768
0	1.54928
0	2.4464
0	1.75259
0	2.36477
0	1.66157
0	1.64513
0	3.28456
0	2.99837
0	1.52447
0	2.03087
0	1.74927
0	1.92616
0	1.55674
0	1.55171
0	1.851
0	1.67522
0	1.94436
0	2.71027
0	2.49759
0	1.84355
0	1.34436
0	1.95683
0	2.39546
0	1.53514
0	3.95175
0	2.34268
0	2.34711
0	2.49649
0	1.95223
0	2.01352
0	6.81898
0	2.54894
0	1.65004
0	4.35691
0	1.36281
0	1.65266
0	2.08633
0	1.90305
0	2.30776
0	3.54716
0	2.13598
0	1.77951
0	2.01493
0	1.70072
0	1.79187
0	2.31019
0	2.0072
0	1.84594
0	2.95496
0	2.43053
0	3.2491
0	1.98164
0	2.52082
0	3.31459
0	2.12889
1	4.80092735541984
0	1.45669
0	1.9331
0	1.91802
0	1.30117
0	2.26029
0	2.39177
0	1.71325
0	2.42098
0	1.76398
0	1.88645
0	1.67833
0	2.15546
0	3.59617
0	1.92107
0	1.8113
0	3.93411
0	1.62543
0	2.55315
0	2.24822
0	2.87837
0	1.80582
0	1.57589
0	2.30568
0	1.85481
0	1.5529
0	2.98874
0	1.76614
0	1.52958
0	1.69829
0	1.89258
0	1.53819
0	1.47044
0	1.9246
0	1.94554
0	1.77085
0	1.62815
0	3.0784
0	1.6219
0	2.09437
0	1.62816
0	1.93091
0	1.84146
0	1.96838
0	2.93442
1	4.1364188939333
0	2.96162
0	2.25188
0	2.19865
0	5.79784
0	2.416
0	1.87937
0	2.5071
0	5.28154
0	2.65377
0	1.74953
0	1.74776
0	1.57225
0	2.73948
0	1.73938
0	1.29435
0	2.32823
0	1.85151
0	1.54362
0	2.85206
0	1.70834
0	1.71613
0	1.76796
0	2.44314
0	1.49044
0	2.05832
0	2.58976
0	1.68102
0	4.41516
0	1.74831
0	2.80589
0	1.58445
0	1.96664
0	2.10476
0	2.15696
0	2.35543
0	4.89801
0	2.57034
0	3.03135
0	1.63241
0	1.77315
0	2.07483
0	1.9554
0	1.9
0	1.88267
0	1.6376
0	1.91824
0	1.47614
0	1.38029
0	3.01692
0	2.80381
0	1.50444
0	1.72396
0	1.48096
0	1.95831
0	7.74964
0	2.78618
0	1.94204
0	1.50536
0	1.82864
0	2.29973
0	1.82786
0	1.64113
0	2.14115
0	2.87532
0	1.57814
0	2.6303
0	2.20996
0	3.0864
0	1.98916
0	1.79396
0	2.03735
0	1.50419
0	1.77724
0	2.2912
0	1.61899
0	1.88782
0	1.86598
0	4.30779
0	2.64055
0	1.76392
0	2.11249
0	2.21077
0	1.65939
0	1.45638
0	2.0291
0	2.07615
0	3.53173
0	2.01356
0	2.30579
0	1.76343
0	2.15633
0	1.97668
0	2.93165
0	1.66045
0	4.54684
0	2.49987
0	1.35598
0	1.9019
0	2.51126
0	3.7524
0	2.29001
0	2.09488
0	2.74171
0	1.84684
0	3.29704
0	1.47353
0	1.7041
0	2.5532
0	2.48352
0	2.68392
0	1.85087
0	2.27628
0	1.84455
0	1.41849
0	1.63452
0	1.88175
0	1.49141
0	2.82963
0	2.61076
0	2.3441
0	1.60275
0	1.78321
0	1.84952
0	2.19263
0	1.77581
0	1.54738
0	1.81752
0	2.00733
0	3.13102
0	2.47905
1	5.76739486074075
0	1.80125
0	1.69394
0	2.35394
0	2.0876
0	1.85105
0	1.86539
0	1.62012
0	1.84778
0	1.85299
0	1.93275
0	1.76702
0	1.69413
0	1.94016
0	1.76755
0	1.89053
0	1.85457
0	2.2116
0	1.76446
0	2.66199
0	1.74704
0	1.84675
0	1.80056
0	2.30147
0	1.61213
0	1.80541
0	2.358
0	2.70011
0	2.73892
0	1.88008
0	1.82858
0	2.11597
0	1.59006
0	1.67274
0	1.76709
0	1.82303
0	1.8402
0	2.10571
0	5.3848
0	2.72222
0	1.52664
0	3.00723
0	1.84946
0	1.51159
0	1.77262
0	1.83832
0	1.90103
0	2.15291
0	2.20805
0	3.17956
0	1.78979
0	1.70382
0	1.87595
1	4.60291227325797
0	1.83731
0	2.82897
0	1.84135
0	1.96301
0	2.59309
0	2.72001
0	2.97038
0	2.29007
0	1.84827
0	2.34805
0	1.80676
0	4.9737
0	2.11871
0	1.73684
0	2.00456
1	5.84622978232801
0	2.57945
0	2.76284
0	2.3074
0	1.45022
0	2.77982
0	2.33934
0	2.19687
0	1.63228
0	2.77908
0	2.09189
0	1.86167
0	1.53114
0	2.31244
0	1.26989
0	2.1667
0	1.70342
0	2.38354
0	2.42801
0	1.68792
0	3.61769
0	1.5862
0	3.77729
0	2.66583
0	2.34121
0	2.4577
0	2.16742
0	1.69602
0	1.62524
0	2.05574
0	2.92548
0	1.34494
0	2.20997
0	1.52408
0	3.66647
1	5.21477803820744
0	1.63929
0	1.9838
0	2.10135
0	2.96025
0	1.75608
0	1.27653
0	2.10474
0	2.59596
0	1.50237
0	1.98525
0	1.85189
0	1.73625
0	1.57735
0	1.72783
0	1.60931
0	1.53064
0	2.41676
0	1.60573
0	1.65056
0	1.66316
0	1.69289
0	2.12755
0	3.05137
0	1.68645
0	2.9797
0	1.411
1	4.32682329742238
0	1.83834
0	2.46756
0	1.4346
0	2.39561
0	1.76612
0	2.35839
0	1.88988
0	3.09718
0	2.05435
0	2.52943
0	1.92522
0	1.79588
0	1.53366
0	2.01072
0	2.59402
0	1.46823
0	1.33674
0	2.25619
0	2.01279
0	2.00108
0	1.87903
0	3.17455
0	1.63044
0	2.07505
1	5.27342808805406
0	1.54498
0	1.44855
0	1.89721
0	1.74944
0	1.42593
0	2.09532
0	1.47476
0	2.95842
0	1.95758
0	1.58416
0	1.46791
0	1.69193
0	2.27797
0	4.18392
0	2.95008
0	1.98962
0	2.08658
0	1.70164
0	1.80729
0	1.84053
0	2.35943
0	1.56841
0	1.72526
0	3.11974
0	1.90503
0	1.50395
0	2.09362
0	1.53893
0	3.42886
0	2.13445
0	2.18063
0	1.83825
0	1.53075
0	2.04949
0	1.62297
0	1.68647
0	1.76453
0	1.47883
0	2.48996
0	1.7042
0	1.79997
0	1.64658
0	2.54121
0	1.85863
0	2.27584
0	2.19016
0	2.00794
0	2.75679
0	1.80335
0	2.07309
0	1.40584
0	1.47638
0	1.84328
0	2.15126
0	1.807
0	1.65819
0	3.16434
0	2.49004
0	1.37634
0	2.37544
0	1.76873
0	2.13197
0	2.83646
0	2.31446
0	3.81321
0	1.5313
0	1.50314
0	1.70253
0	1.72758
0	1.95095
0	1.64399
0	1.71481
0	2.02032
0	2.06066
0	2.40726
0	1.68691
0	2.41037
0	2.38112
0	1.50335
0	2.10681
0	2.37371
0	2.11393
0	1.8592
0	1.53195
0	2.68854
0	1.57948
0	3.06538
0	4.16055
0	2.32715
0	2.05901
0	1.65643
0	1.51257
0	1.73599
0	1.73038
0	1.63463
0	2.72048
0	3.50857
0	1.54913
0	3.41017
0	1.76449
0	1.8196
0	1.71805
0	4.56482
0	2.63106
0	2.04337
0	3.34332
0	1.6269
0	2.27012
0	2.06646
0	2.44005
0	2.20145
0	1.60409
0	1.75406
0	1.85675
0	1.50132
0	1.96894
0	2.07952
0	3.09484
0	2.05413
0	1.80538
0	1.86587
0	2.10641
0	2.18525
0	1.86484
0	1.59953
0	4.21796
0	3.53133
0	2.55687
0	2.773
0	2.03555
0	2.28647
0	2.20165
0	2.17005
0	3.03819
0	1.51418
0	1.9933
0	2.64896
0	2.34445
0	1.71382
0	1.81307
0	1.94253
0	2.24169
0	1.64517
0	2.03112
0	2.33108
0	1.7151
0	1.73611
0	1.50165
0	1.61042
0	2.19392
0	4.2377
0	1.70752
0	2.30175
0	1.30613
0	1.72934
0	2.11796
0	2.91001
0	2.04965
0	1.95805
0	3.46416
0	3.76935
0	2.26694
0	1.49709
0	3.17832
0	1.71766
0	1.56539
0	1.61944
0	3.39817
0	1.43673
0	5.19334
0	1.54792
0	1.85137
0	1.7929
0	1.53798
0	1.90685
0	1.97913
0	1.99019
0	1.90657
0	1.56351
0	2.07679
0	1.63167
0	4.04536
0	2.07139
0	1.84107
0	2.23043
0	1.7967
0	1.97235
0	2.47282
0	2.18162
0	1.80721
0	1.66984
0	2.05311
0	1.85157
0	1.56697
0	1.81682
0	1.79509
0	2.4377
0	3.6019
0	1.65362
0	2.16123
0	1.99867
0	1.74904
0	1.78775
0	1.51198
0	3.21761
0	3.3266
0	4.73397
0	1.62127
0	1.75564
0	3.48622
0	2.78054
0	2.02575
0	2.07246
0	2.40509
0	2.04972
0	1.5262
0	3.38588
0	2.44606
0	2.76329
0	3.18661
0	2.44318
0	1.76837
0	1.95985
0	1.59862
0	4.29916
0	1.5168
0	1.60401
0	2.13547
0	2.11049
0	1.86389
0	2.65813
0	2.23522
0	1.71247
0	2.47748
0	3.01651
0	1.51748
0	1.60369
0	1.8629
0	2.41445
0	1.46581
0	2.29743
0	3.66433
0	1.89225
0	1.51821
0	1.60203
0	1.85499
0	1.97213
0	1.99703
0	1.86813
0	2.88812
0	5.59022
0	2.03751
0	1.62249
0	1.53386
0	3.04582
0	1.6465
0	2.11205
0	2.85112
0	2.35264
0	1.73745
0	2.03528
1	9.43483334919438
0	2.33313
0	1.96658
0	1.67474
0	1.70668
0	1.64923
0	2.23284
0	1.90095
0	2.63318
0	1.77015
0	2.89294
0	1.58464
0	2.05266
0	3.4363
0	1.83897
0	1.96193
0	2.38122
0	1.65135
0	2.18722
0	1.47539
1	4.84536941722035
0	1.94793
0	1.91475
0	2.25457
0	2.93585
0	1.82659
0	1.77139
0	1.81846
0	1.70253
0	2.18271
0	2.20551
0	1.82922
0	2.42777
0	1.43814
0	1.78678
0	2.14986
0	2.11151
0	2.60011
0	1.99846
0	2.10622
0	2.56247
0	1.77211
0	2.32826
0	1.77359
0	1.44955
0	2.41025
0	1.71851
0	1.85399
0	2.19849
0	1.74554
0	1.77517
0	2.21075
0	1.9127
0	2.19927
0	1.91077
0	1.74374
0	3.93997
1	4.39857094548643
0	1.89814
0	1.80132
0	1.46272
0	1.48454
0	1.93928
0	2.76879
0	2.14382
0	2.38757
0	1.46926
0	2.09017
0	3.36824
0	1.59816
0	1.92158
0	2.50466
0	1.84807
0	1.55718
0	1.57386
0	1.94142
0	2.47924
0	1.80558
0	2.54131
0	2.4708
0	2.12782
0	1.70523
0	2.70123
0	1.73492
0	2.07693
0	2.45877
0	2.33217
0	2.49446
0	3.83273
0	3.59999
0	1.5812
0	2.05542
0	1.72582
0	2.24486
0	2.43041
0	2.0908
0	1.46501
0	1.95865
0	1.88349
0	1.70225
0	1.98808
0	2.10932
0	1.72572
0	1.78016
0	1.55992
0	1.78437
0	1.97218
0	2.55557
0	3.13705
0	2.35133
0	1.76333
0	1.85957
0	3.00679
0	1.83234
0	2.29388
0	1.728
0	2.95985
0	2.44095
0	1.55526
0	2.13875
0	4.94821
0	1.79626
1	4.12686642026529
0	1.70976
0	2.38106
0	1.47394
0	3.1146
0	1.84946
0	2.93348
0	1.76628
0	1.67877
1	6.59749374678358
0	1.60205
0	1.74798
0	1.96729
0	1.38361
0	2.09379
0	2.3303
0	4.42034
0	2.25608
0	1.7863
0	3.08833
0	1.9031
0	1.63398
0	3.22753
0	2.19733
0	2.97862
0	1.58583
0	2.99674
1	4.33248215634376
0	1.55806
0	2.62142
1	4.09029388008639
0	2.81569
0	9.06587
0	1.6019
0	2.13503
0	1.71022
0	1.81926
0	2.01768
0	1.85292
0	1.50475
0	2.67779
0	1.63017
0	1.6181
0	1.78135
0	1.43261
0	4.63749
0	2.36558
0	2.43851
0	1.50515
0	1.77637
0	2.22275
0	2.45421
0	1.90722
0	1.75129
0	2.79787
0	1.61184
0	1.9384
0	2.35473
0	1.46749
0	1.61368
0	2.11403
0	1.57668
0	1.71434
0	1.71056
0	1.58375
0	1.46506
0	1.93613
0	2.05919
0	1.78486
0	2.03687
1	5.29951280681416
0	2.00323
0	2.09594
0	1.92046
0	1.7869
0	3.44742
0	3.37771
0	1.58027
0	2.29468
0	2.19794
0	1.36595
0	1.608
0	8.05759
0	1.47241
0	1.63819
0	1.98895
0	1.99497
0	1.70652
0	2.05591
0	1.72977
0	2.52892
0	3.49561
0	7.11227
0	1.97275
0	1.99748
0	1.63815
0	1.53564
0	1.93487
0	2.05723
0	2.15862
0	2.05336
0	1.76723
0	2.31736
0	1.6005
0	1.59015
0	1.6707
0	3.68107
0	1.74557
0	2.34488
0	1.70588
0	1.88115
0	2.05732
0	1.83295
0	1.89274
0	1.6385
0	2.20433
0	1.74456
0	1.9361
0	4.11902
0	1.56847
0	1.61779
0	1.6221
0	2.24972
0	2.05569
0	1.4345
0	1.9235
0	1.76679
0	2.13749
0	1.90068
0	1.90422
0	1.70426
0	1.92931
0	1.93308
0	2.13368
0	2.52759
0	1.52375
0	1.68743
0	2.40823
0	1.47845
0	3.94536
0	1.502
0	1.85775
0	1.91446
0	4.72827
0	6.28215
0	2.57966
0	2.00439
0	4.35565
0	1.98697
0	2.54645
0	1.34802
0	2.15015
0	2.75472
0	2.06098
0	2.15005
0	1.43207
0	1.84633
0	3.14179
0	2.072
0	1.82728
0	2.82052
0	1.73648
0	2.52927
0	1.56861
0	1.83235
0	3.11616
0	2.00129
0	1.87258
0	3.34218
0	2.65665
0	2.71162
0	1.61112
0	2.46413
0	2.35516
0	2.32707
0	1.47432
0	1.89161
0	5.2315
0	2.92964
0	1.91874
0	2.16969
0	2.05068
0	1.69833
0	1.76898
0	1.91102
0	1.6376
0	1.85297
0	1.44561
0	2.2966
0	1.52407
0	2.03861
0	2.50649
0	1.86054
0	1.91665
0	1.60862
0	1.68411
0	2.12242
0	1.7045
0	1.99031
0	1.5868
0	1.80808
0	2.04702
0	1.96734
0	4.93269
0	2.0695
0	1.60153
0	2.26546
0	1.77305
0	2.04091
0	2.16245
0	1.50487
0	1.82139
0	2.02768
0	1.92911
0	2.17115
0	1.60508
0	1.95645
0	2.32973
0	1.32685
0	1.4671
0	1.8719
0	2.20754
0	3.02582
0	3.41939
0	3.65223
0	1.80494
0	1.43858
0	1.45
0	4.6614
0	1.69864
0	1.4716
0	1.7894
0	2.73809
0	3.43947
0	1.84453
0	2.88859
0	1.68179
0	2.08849
0	1.68663
0	1.64275
0	1.42704
0	2.32049
0	1.93984
0	1.92211
0	1.77788
0	3.50608
0	2.00515
0	1.96465
0	1.77131
0	1.81063
1	7.05941121466458
0	5.27402
0	1.6878
0	1.49252
0	2.96793
0	1.35313
0	2.58797
0	1.72903
0	2.28656
0	2.02041
0	2.31268
0	2.5448
0	1.71949
0	1.83515
0	2.03584
0	1.71873
0	1.94742
0	3.07289
0	1.63131
0	1.81391
0	2.29839
0	3.06329
0	2.40714
0	1.80296
0	2.17176
0	1.80281
0	1.49575
0	1.85463
0	1.7531
0	1.65943
0	1.6774
0	1.68977
0	2.1366
0	3.87148
0	1.98776
0	2.57948
0	1.70181
0	1.57115
0	3.48511
0	3.36989
0	2.71719
0	2.10372
0	4.01645
0	1.60885
0	2.19093
0	2.78369
0	2.28618
0	1.60365
0	2.46671
0	2.36237
0	1.60619
0	2.34135
0	1.90953
0	3.03407
0	2.09804
0	1.83089
0	2.88973
0	1.86416
0	2.48643
0	2.4861
0	1.58427
0	2.24303
0	2.08448
0	1.97942
0	1.56685
0	1.64141
0	2.17567
0	2.1087
0	1.7008
0	2.43023
0	1.90397
0	1.55525
0	2.33023
0	2.43504
0	1.46617
0	1.98151
0	2.19549
0	1.99516
0	1.90824
0	1.94211
0	1.98057
0	1.54619
0	1.94069
0	2.083
0	1.94326
0	2.5706
0	2.36771
0	1.91975
0	1.50209
0	2.99983
0	2.35716
0	1.65935
0	1.56157
0	1.94565
0	1.72322
0	1.78799
0	2.78769
0	1.76767
0	3.62026
0	2.26576
0	1.71198
0	1.79054
0	1.79441
0	1.50558
0	2.2754
0	2.59225
0	2.27845
0	1.82001
0	1.40678
0	2.20427
0	1.43571
0	1.78586
0	1.87921
0	1.60552
0	1.8393
0	1.73748
0	1.46275
0	1.83763
0	1.71599
0	2.27579
0	2.15443
0	2.69332
0	1.90484
0	1.54239
0	2.01011
0	1.83745
0	1.95316
0	1.80017
0	1.98942
0	2.2106
0	1.7067
0	1.65187
0	1.98285
0	1.59165
0	1.75822
0	2.2413
0	2.71925
0	2.753
0	1.82034
0	1.70322
0	2.70341
0	2.02287
0	1.69861
0	2.13433
0	1.34087
0	1.74056
0	1.66102
0	1.89681
0	1.77288
0	1.7316
0	2.37406
0	1.6334
0	1.9388
0	1.63489
0	1.71091
0	2.20614
0	1.94506
0	1.75132
0	1.80023
0	1.52328
0	1.56911
0	1.77387
0	1.32081
0	6.46687
0	2.0255
0	2.422
0	3.97709
0	1.90175
0	2.46596
0	2.10887
0	1.49187
0	1.98255
0	1.70392
0	1.96078
0	2.99989
1	5.75454128766432
0	1.74792
0	1.80077
0	1.65728
0	1.94328
0	1.9859
0	1.68829
0	1.4828
0	1.94626
0	2.00302
0	2.46124
0	1.63724
0	2.8084
0	2.3751
0	1.84972
0	1.61392
0	1.81568
0	2.00674
1	4.17626901948825
0	4.59798
0	1.63255
0	1.63405
0	2.7184
0	3.23837
0	3.05612
0	2.90557
0	3.92916
0	1.88794
0	1.68926
0	1.60907
0	2.08354
1	5.94114896981046
0	2.12354
0	1.85744
0	2.13683
1	4.62971656862646
0	2.16631
0	5.12368
0	1.69149
0	1.70564
0	5.25653
0	1.80485
0	2.0892
0	1.75942
0	1.8572
0	2.41378
0	1.66738
0	2.28737
0	2.53729
0	1.47696
0	2.6861
0	1.83144
0	1.90599
0	1.65487
0	1.63776
0	2.11478
0	2.03232
0	1.80959
0	1.85339
0	2.09427
0	1.78863
0	1.79037
0	1.71368
0	2.76298
0	2.2331
0	2.49715
0	2.17551
0	1.85567
0	2.27766
0	1.7147
0	2.15872
0	1.81472
0	2.12492
0	2.41104
0	1.66962
0	1.66298
0	2.3551
0	3.89133
0	1.71186
0	1.88588
0	1.97009
0	1.78655
0	1.73385
0	1.54684
0	2.63699
0	1.88183
0	1.66151
0	1.94429
0	1.62776
0	2.41065
0	1.72592
0	2.92039
0	1.29074
0	1.8673
0	1.78093
0	1.85134
0	1.5914
0	2.24537
0	2.15861
0	3.05991
0	1.8397
0	4.21161
0	1.37276
0	2.05593
0	2.26903
0	3.83797
0	3.53156
0	4.54325
0	1.89882
0	2.05562
0	1.65159
0	1.63977
0	1.85276
0	1.82609
0	2.40524
0	1.68723
0	1.54218
0	3.29381
0	1.77108
0	1.54541
0	1.97853
0	2.41724
0	1.95532
1	4.28827115427703
0	2.18277
0	1.62623
0	1.42914
0	1.40047
0	1.89917
0	3.70626
0	1.51935
0	2.47255
0	2.24641
0	3.69855
0	2.32131
0	1.73595
0	1.84995
0	1.67644
0	1.61859
0	2.2034
0	2.38173
0	3.86063
0	1.88309
0	1.60791
0	6.89016
0	1.48212
0	1.91603
0	1.54963
0	1.66267
0	4.17755
0	1.6737
0	1.36292
0	1.98875
0	1.49156
0	1.66305
0	2.31018
0	1.58263
0	1.70101
0	1.68434
0	2.06367
0	1.90078
0	1.84351
0	1.7247
0	3.31779
0	1.67252
0	1.50869
0	1.5918
0	1.88301
0	2.00327
0	1.73773
1	4.44835126120597
0	1.3951
0	1.99672
0	1.45764
0	1.99784
0	2.03118
0	2.31094
0	1.89268
0	1.33904
0	1.51642
0	4.74003
0	4.51427
1	4.31887331791222
0	2.30161
0	1.58243
0	2.37796
0	2.80909
0	2.14637
0	1.78117
0	2.74753
1	8.50080408155918
0	2.00821
0	1.96488
0	1.5263
0	1.38486
0	1.97465
0	2.79282
0	1.83249
0	2.19175
0	1.8697
0	3.45233
0	1.51062
0	1.54855
0	2.23
0	2.41213
0	1.66847
0	1.70019
0	3.25623
0	2.82866
0	2.23982
0	2.07107
0	1.64803
0	2.24017
0	1.87151
0	1.46244
0	4.65227
0	1.93901
0	1.62079
0	1.74508
0	1.62768
0	1.46623
0	2.0212
0	1.85655
0	2.14452
0	2.3843
0	1.67828
0	1.78007
0	1.9878
0	1.60146
0	2.74376
0	1.92675
0	1.30539
0	1.40812
0	1.97034
0	1.95481
0	1.81433
0	1.39503
0	1.51964
0	2.15926
0	1.95535
0	1.48714
0	1.64235
0	1.57953
0	1.90673
0	1.73969
0	2.50134
0	2.47644
0	1.60984
0	2.06524
0	1.51165
0	1.75503
0	1.44862
0	1.7783
1	5.95994315948337
0	1.88033
0	3.45559
0	1.67901
0	1.80598
0	1.76406
0	1.89529
0	2.47391
0	1.65002
0	1.67435
0	2.31374
0	1.62855
0	1.86835
0	2.55825
0	1.45354
0	1.72644
0	1.54647
0	2.24474
0	1.6534
0	2.06852
0	3.39008
0	2.17213
0	2.79862
0	1.65703
0	1.55354
0	1.96725
0	1.50583
0	1.82461
0	2.36373
0	1.75247
0	1.49905
0	3.18539
0	1.76574
0	2.50918
0	2.10126
0	1.76149
0	2.83956
0	2.0523
0	2.96117
0	1.71111
0	1.66668
0	2.66198
0	1.79541
0	1.65163
0	1.93395
0	3.23725
0	2.26126
0	2.20325
0	1.44153
0	2.02709
0	1.70528
0	1.76019
0	2.12235
0	4.08319
0	2.83712
0	1.69422
0	2.3714
0	1.81076
0	1.77231
0	1.80524
0	1.72142
0	1.66001
0	1.60739
0	2.24013
0	3.44187
0	3.76834
0	1.61982
0	2.09209
1	4.96613317355514
0	1.87882
0	1.43785
0	1.67242
0	1.61225
0	4.46767
0	1.65895
0	2.87823
0	1.64528
0	2.1123
0	2.42563
0	2.11697
0	1.86492
0	1.92719
0	2.01532
0	2.58885
0	1.97246
0	1.81543
0	1.70661
0	3.56804
0	1.23945
0	1.71571
0	2.01649
0	1.53392
0	1.68406
0	1.81309
0	3.26363
0	2.17714
0	1.69217
0	1.70097
0	1.33895
0	2.42557
0	1.84695
0	1.67859
0	2.2783
0	1.68569
0	1.87959
0	1.81551
0	1.84806
0	1.74609
0	2.14853
0	2.58478
0	3.28066
0	5.37497
0	1.52423
0	2.17441
0	3.06513
0	1.50019
0	2.25744
0	1.7287
0	1.6261
0	2.11383
0	2.28078
0	1.3456
0	1.74579
0	1.84648
0	1.74263
0	3.94219
0	1.49772
0	1.81607
0	1.74884
0	2.45371
0	1.50814
0	1.75991
0	2.21359
0	1.61653
0	1.81135
0	1.72232
0	1.66928
0	2.88838
0	1.57024
0	1.60078
0	1.55072
0	2.07714
0	1.9175
0	6.26131
0	1.55442
0	1.75271
0	1.89686
0	2.01889
0	1.6416
0	2.21387
0	1.74187
0	2.19272
0	2.25921
0	3.82839
0	1.54375
0	2.51902
0	1.68469
0	3.42802
0	3.20007
0	1.87166
0	1.59661
0	4.07903
0	2.96145
0	2.25843
0	3.5968
0	2.16928
0	1.50413
0	1.71176
0	2.60032
0	1.97204
0	1.80467
0	2.88361
0	2.07758
0	1.50785
0	2.94123
0	5.48821
0	2.9425
0	5.99981
0	1.80506
0	2.22272
0	1.33222
0	1.51298
0	1.84538
0	1.67942
0	1.78902
0	3.42357
0	3.25582
0	2.36493
0	1.85234
0	1.57828
0	1.99685
0	2.78397
0	2.46459
0	1.59223
0	2.16371
0	1.78934
0	2.54931
0	1.71861
0	1.6752
0	1.68641
0	2.48735
0	2.18933
0	3.50858
0	1.81938
0	1.638
0	1.66768
0	1.80277
0	1.61139
0	2.03693
0	4.29019
0	2.06321
0	2.52912
0	4.29608
0	1.63945
0	1.9825
0	1.96501
0	1.66612
0	1.86503
0	1.83181
0	1.79462
0	1.68206
0	1.57495
0	1.79264
0	1.96124
0	1.97403
0	2.6726
0	1.8411
0	2.12008
0	1.57409
0	2.03213
0	1.50701
0	3.75884
0	2.60369
0	1.52107
0	1.41064
0	1.82776
0	2.13736
0	1.91472
0	2.48836
0	1.65061
0	2.16671
0	1.74756
0	3.13087
0	1.6751
0	1.53049
0	1.72896
0	1.3676
0	3.42163
0	1.96297
0	1.82484
0	1.62582
0	1.91484
0	2.05922
0	2.42177
0	2.00392
0	1.84678
0	2.21294
0	2.36694
0	1.64918
0	1.33241
0	2.15761
0	1.93437
0	2.61721
0	1.97583
0	2.8595
0	1.89841
0	1.4187
0	1.61843
0	1.90193
0	1.95965
0	2.11623
0	2.62543
0	2.17498
0	1.49548
0	1.98808
0	2.44229
0	1.78245
0	3.06008
0	1.53953
0	2.11199
0	3.08275
0	1.89687
0	3.44333
0	1.79661
0	2.41338
0	2.23375
0	2.84468
0	1.90705
0	2.6789
0	1.80175
0	3.14183
0	2.204
0	1.77753
0	1.92185
0	1.94424
0	2.4291
0	1.85053
0	2.79251
0	2.2244
0	2.69951
0	1.74033
0	1.91714
0	1.56284
0	2.31043
0	1.55048
0	1.96866
0	1.81053
0	1.80049
0	5.18672
0	1.62161
0	2.05161
0	1.62591
0	2.22375
0	2.05907
0	1.91235
0	2.01846
0	2.11035
0	2.41677
0	2.15844
0	3.57459
0	1.76832
0	1.79252
0	2.82926
0	1.78186
0	3.53553
0	2.2806
0	1.84776
0	1.78101
0	2.03312
0	1.94899
0	2.43682
0	1.95697
0	2.21718
0	2.83872
0	1.52473
0	2.18232
0	2.14489
0	1.39946
0	1.83447
0	2.12161
0	1.6778
0	2.564
0	1.4597
0	3.63753
0	1.79604
0	1.8027
0	3.67325
0	1.86295