1.36571
3.23133
1.75569
1.94406
2.29793
5.99182
1.58299
3.41076
1.81092
1.51168
3.92321
1.68068
1.55536
3.84664
1.9473
1.60476
2.33846
1.43506
2.23511
1.8999
2.2973
2.97042
1.77844
3.36038
2.76679
3.79515
1.55608
2.35566
1.82729
1.82685
5.81517
1.64009
1.75915
2.39029
1.97286
2.50629
1.99226
1.67062
1.97893
2.50344
2.48453
2.32767
8.14733
1.98387
2.81321
2.22625
1.81955
13.7364
2.28533
1.66673
2.24797
1.80872
2.11571
2.88301
3.06977
2.13598
2.98506
1.89578
2.03514
1.92136
2.42876
1.47461
2.01324
1.81666
2.32822
3.11322
1.51303
2.10305
2.73845
1.70337
2.44967
1.72185
2.44202
1.74567
1.57427
1.98425
3.71104
2.42897
2.9516
1.88461
2.9652
1.57333
2.0781
1.60456
1.97897
1.81881
3.22754
3.43725
1.83888
1.55557
3.00988
1.98723
2.48561
1.67891
2.03723
2.54666
2.72059
1.66106
1.6671
1.69642
2.84072
1.63693
2.32397
1.78513
1.7772
7.34245
2.57289
1.81409
2.05895
1.60432
1.69332
1.4491
1.98577
1.48512
1.64459
1.71195
3.49851
1.60162
2.60103
1.67545
1.80621
2.08617
1.70398
1.45856
1.65066
1.98258
4.25537
2.03651
1.55124
1.782
1.75479
2.98687
1.94535
1.99158
1.81555
2.03918
3.29023
3.37739
3.22625
1.80214
2.26232
1.44985
3.02621
1.55224
1.83519
1.78383
2.06537
1.69248
1.81025
2.29283
5.00645
2.63724
2.47716
1.60044
3.01214
2.12373
1.49944
2.8953
1.7766
1.88291
2.10935
1.41176
1.41907
2.96885
2.04002
1.6796
1.79922
1.6335
2.18076
1.63818
1.52788
1.61481
1.63012
2.32633
1.96752
3.38627
1.35745
1.91624
1.42379
1.77927
1.80951
5.38525
2.21454
8.50873
2.83886
1.63692
2.17985
2.95075
1.73397
1.63627
1.70217
1.61421
1.49081
3.35989
1.97897
1.63182
1.78377
2.59551
1.83913
1.57862
2.62134
1.65915
3.38214
2.56337
1.6654
1.82048
1.54064
2.60418
1.73259
2.19329
4.56905
1.58251
2.43191
2.30098
1.77617
2.07476
1.89166
2.20198
2.25
1.21818
1.62014
3.21079
2.35236
1.65545
1.40794
2.03242
2.47816
2.58003
2.19673
1.75676
3.35491
1.94443
1.59277
1.76891
1.9132
2.287
3.45943
2.16867
2.01302
1.94463
2.32615
1.94721
2.81702
2.01368
2.21266
2.33031
1.62024
1.80234
1.63149
1.78362
2.02754
1.89605
2.56599
2.31355
3.81565
1.82326
1.68962
1.60448
1.67337
1.84826
2.61845
1.67143
1.91395
1.53365
1.88373
2.20726
1.585
2.76473
1.51398
3.7432
1.50491
5.03798
2.46888
1.78869
2.1214
1.88126
2.76576
6.7304
2.53743
2.37847
2.98399
1.44309
2.29879
1.60245
2.15374
1.8082
2.33704
1.84611
1.96594
13.3212
2.48047
2.84944
2.11555
1.86698
1.54092
1.74679
1.941
2.32046
2.37474
1.67928
2.28534
1.93432
3.10882
2.03677
1.44421
1.77842
1.76682
1.90657
1.52599
2.13267
1.70807
1.73288
2.01818
1.54107
1.70444
2.23522
1.73578
1.55659
2.03215
2.07784
1.65631
2.5479
2.14434
1.54349
4.47204
1.97893
2.02025
2.841
2.15619
1.60151
2.69447
1.83441
2.41554
1.93671
3.99153
1.68355
1.58951
1.6482
2.10191
2.11916
1.95454
2.51833
1.48721
1.74145
5.61192
2.89959
1.86426
1.75998
2.04199
1.6822
1.38012
3.25353
1.59052
1.78291
2.19974
3.37018
2.10596
1.94738
1.87181
1.55958
2.7228
2.09418
1.5472
1.58215
2.1775
3.31551
1.82816
4.92048
1.79179
1.65573
4.43565
2.21784
2.16108
1.93998
2.26446
2.46559
1.99401
1.66199
2.34253
5.09036
14.3471
2.43758
1.49591
5.72835
3.43371
1.4067
1.7505
1.66717
2.26579
2.02801
1.90744
2.19364
1.53233
1.40122
1.41707
1.99434
1.56398
4.30023
2.07146
2.37966
2.17147
1.36335
1.35563
5.25567
1.71661
2.21499
2.2421
1.70938
2.17177
3.39129
4.93751
1.83341
2.44657
1.55349
2.14075
2.52764
2.80832
2.03901
1.51373
1.48781
1.51835
1.84535
3.23204
5.2496
1.61277
2.17747
2.22917
2.27805
2.32455
1.96767
2.79643
3.19839
2.60751
4.09842
1.66336
1.58487
1.48466
1.49635
5.89887
2.31493
1.74817
1.91745
1.93964
1.59319
1.79768
2.01887
1.5786
2.34046
2.16726
1.9522
1.96235
1.89716
2.06241
2.05395
1.97798
2.84891
2.11765
2.0414
2.16239
2.04592
2.01443
1.55977
2.10028
1.78754
1.62415
1.75408
1.78414
2.30384
1.58128
3.4311
1.42601
1.97773
3.01687
2.27688
1.42677
1.70968
2.27766
1.79469
1.99032
1.83225
2.03361
3.32821
3.39623
1.63898
1.58736
1.7086
1.53606
2.045
1.64372
1.87871
2.12288
2.32697
1.80475
2.07163
2.4043
1.57337
1.58789
1.64662
2.22061
3.07581
2.32855
1.80918
4.7553
1.60896
1.48802
2.42875
1.72174
2.72092
1.54101
1.5682
1.54733
1.7575
2.47238
6.44977
1.93223
1.65089
1.91034
1.82943
3.50589
1.72233
2.0627
2.41362
8.26397
2.04646
3.03653
1.85433
2.41669
1.99155
2.01405
1.86264
1.69265
2.09814
2.00378
1.80932
1.66443
2.0962
2.79387
1.34953
1.89201
1.57995
2.0081
1.88028
2.50828
2.36135
2.17221
1.7858
2.11361
1.59427
1.53505
2.86137
1.68308
3.76279
2.05969
2.01321
1.945
1.64208
1.96035
2.04889
1.86128
1.8143
2.75142
1.82415
2.14045
1.67225
2.01778
1.8279
2.33383
1.65152
1.8605
3.19445
2.25601
1.89236
2.2085
1.87779
1.82802
1.69873
4.16506
1.48525
2.22897
1.66368
2.12033
1.96533
2.12738
2.54111
1.38726
2.34969
2.95293
1.92026
1.77007
5.34498
1.59595
2.10918
2.28199
1.90842
7.30947
2.42513
1.7551
1.80594
2.1286
3.29071
2.44755
2.97518
1.29625
1.71984
2.21045
2.55685
3.54626
2.90904
1.46826
2.20438
2.73613
2.20387
2.45715
1.77711
1.56938
1.58463
1.81887
3.10654
1.90991
2.20775
1.88181
2.224
2.44722
1.96015
1.48346
1.73985
1.33725
1.39158
1.50445
1.63591
1.99989
2.31481
1.72352
3.27747
2.00387
1.78659
1.98873
3.99181
1.43648
1.5197
1.71388
1.59594
3.03674
1.60554
1.66735
1.49376
3.23571
2.50297
2.37318
2.77109
4.2067
2.47345
3.16796
1.95448
1.65746
2.36483
1.89652
1.86171
2.75423
1.79355
2.0206
2.05179
1.44401
1.57446
1.58326
1.72658
2.37251
2.46562
1.66061
2.03114
1.79295
5.38964
1.76331
1.97482
4.2485
1.96204
1.81087
1.87733
2.50115
1.93372
1.93095
1.66876
9.38555
1.56366
1.64258
1.58405
1.73434
1.93407
1.36965
1.44628
1.56113
1.65599
2.01877
1.5715
1.98789
1.67358
1.73852
1.69402
2.33592
2.03532
1.55531
5.27043
1.54542
1.49625
2.48016
1.80496
1.60847
1.76963
4.82405
1.77045
2.1405
5.63107
2.4526
2.21013
1.42546
2.15895
1.56474
1.86034
2.07184
1.71438
1.99242
3.14897
1.52624
1.64085
1.64122
1.50613
1.92325
2.25828
2.03228
1.7347
2.22525
1.52331
1.72584
1.9662
1.55721
2.24537
1.90197
1.78371
3.29034
1.62786
1.50851
1.61939
2.23576
1.99043
1.87246
1.60053
6.96097
3.49401
1.79008
1.82052
1.89418
2.41053
3.23918
1.64488
1.86127
1.87977
1.93014
1.59596
2.43037
12.67
1.53733
1.7818
1.88858
3.7561
1.55492
2.79624
2.44049
1.44456
1.95267
1.86996
2.4358
1.83025
2.97304
1.67475
3.15845
1.99707
1.7193
1.68549
1.54906
2.04246
1.57136
1.56427
1.61154
1.48742
2.09655
4.10542
1.99882
2.39984
1.58687
2.26321
2.73661
2.3039
1.47215
1.67822
2.47369
2.33299
7.24163
1.68993
2.83204
1.69065
2.16723
1.62336
1.62197
1.40688
1.60124
2.5528
1.88809
1.69385
2.65255
1.74858
1.81666
2.1303
1.78751
1.68966
2.31678
2.08628
2.15396
2.03892
1.74999
4.78654
1.49438
2.55085
1.66112
2.18224
2.00571
1.56947
1.52113
2.84474
2.79076
2.28953
2.16352
1.71927
2.79953
5.73481
2.42895
1.68212
2.01666
1.52799
1.70291
1.92978
1.40085
1.58188
2.20081
1.46314
2.58031
1.59936
2.47471
2.87915
2.86544
1.95613
1.70963
1.75162
2.61357
2.84599
1.63184
2.85797
1.9668
2.6416
2.04574
2.973
1.60326
2.36084
1.79458
2.27946
2.20746
2.16818
1.88501
1.91659
5.94832
2.7936
2.34755
2.74882
2.48686
2.37912
2.06821
1.88581
1.50829
1.54602
1.54704
2.2475
1.43288
2.46524
1.40679
2.39177
2.14357
1.79522
2.16387
1.57236
2.84595
14.4585
2.69325
1.86727
2.16563
2.20075
1.83008
2.06959
1.94352
1.76598
1.4144
1.91814
1.46649
3.78909
1.60136
1.77537
3.03207
2.28042
1.39489
1.47595
1.55251
2.08381
1.52897
5.85216
1.91976
1.86873
1.95594
1.50234
2.49618
2.03498
2.11355
1.74092
2.18885
2.48272
1.72517
2.12465
1.81181
1.68944
1.83628
1.77175
2.16055
2.48387
1.84469
1.44405
2.03909
2.95593
2.71024
1.65245
1.77555
2.00558
1.65661
1.89477
1.82076
1.53992
1.72865
1.40186
4.83666
1.87593
3.4686
1.60619
2.707
2.13474
1.65758
5.67176
1.56688
1.84299
1.628
1.57754
2.09521
1.85637
1.95225
2.12904
1.53334
2.73202
2.23242
2.33751
1.86802
4.02081
1.54879
1.9301
1.71626
1.63627
1.37369
1.71395
1.56197
1.57492
6.84319
1.5111
1.70724
2.70341
1.63477
1.69147
1.80504
2.07775
1.53831
3.47
1.54622
2.51868
1.53123
1.9186
2.90451
2.11439
1.86365
1.78709
1.45294
2.37355
2.43476
2.03984
2.19369
2.77026
5.10555
1.72766
1.99573
1.75672
1.73575
7.41996
1.63039
5.44146
2.26784
3.3896
4.61931
3.64505
2.08373
2.08534
1.71196
1.52312
1.51163
1.9032
2.09965
1.48518
2.93033
1.98147
2.82685
1.95433
1.63502
1.88713
1.78813
1.75983
2.22544
5.16797
2.17017
2.50387
1.67203
2.05034
2.01214
1.92924
2.12303
2.11265
1.73209
1.99606
1.62491
2.23391
1.84882
1.72185
1.5116
1.61754
2.02514
2.51554
1.63402
1.41447
1.65764
1.61359
2.08072
3.09457
1.77443
1.50461
1.6299
2.50505
1.94231
1.70242
1.86171
2.95562
1.5666
2.99069
1.47915
1.83943
2.22425
1.69442
3.31542
2.23807
2.88098
1.83819
1.6252
1.79808
2.26835
2.46619
2.35699
3.1408
2.09617
1.72296
1.97515
1.39792
4.5529
1.541
1.87761
2.49739
1.88566
3.26163
4.01748
2.29468
2.01813
1.56696
1.87683
2.11179
1.51026
2.18371
2.31792
2.00446
2.21521
2.39506
2.09604
3.07917
1.92771
1.7513
2.33085
2.55901
1.33532
4.10507
2.20077
1.61421
2.43683
1.63443
2.59909
1.87711
1.95863
2.23306
3.01563
1.71502
2.19239
1.88808
2.72511
3.14338
2.01575
1.85022
2.51293
2.40242
3.14023
1.88543
2.41818
2.56838
2.21111
2.19187
2.83348
1.70781
1.84069
2.41799
2.87077
2.61862
2.77487
1.82826
1.5812
1.83006
1.89536
1.64012
2.35531
1.70469
1.42716
1.8285
1.60105
2.04458
1.5561
1.78521
1.91433
2.84337
1.45923
2.85536
1.46352
1.87708
1.72819
2.54661
1.95442
1.89463
2.57422
3.20651
2.02989
1.89318
2.00108
1.7056
1.53405
1.66498
2.12551
2.39172
1.73382
1.35846
2.95646
1.62398
2.05166
2.08419
1.4985
6.2029
5.87223
1.62571
1.57693
2.28375
1.37853
2.05309
2.08409
2.1021
1.59273
2.42882
3.10388
1.69373
2.62573
1.60509
2.07231
2.27175
1.38427
2.07702
1.83243
1.75281
1.74181
1.96245
1.34419
1.55146
1.67234
1.71485
2.07852
1.91178
3.7238
1.59533
1.45104
1.87558
2.57558
2.06907
2.48124
2.29131
2.01635
2.41825
1.88595
1.51822
1.75048
1.91679
1.78539
1.4423
1.83373
1.64387
1.75257
2.67128
2.20132
2.96435
1.7701
1.39744
2.06382
2.27921
1.76173
2.95858
1.87779
1.7869
1.81463
1.49508
1.84957
1.94977
3.01743
1.811
1.88848
2.11358
3.68302
14.1956
1.99291
1.82571
2.74854
1.4896
1.31926
2.13151
1.53392
2.78591
1.53014
1.73258
1.88748
1.84902
1.54585
4.48297
1.71288
2.17405
1.98119
1.62466
2.09867
1.82511
2.75972
1.94282
1.70851
8.19811
3.32058
1.69632
1.70797
2.20615
1.48229
1.76397
2.54187
2.42913
1.65624
1.55323
1.80638
2.61058
1.88272
1.80965
1.77726
1.77666
2.10118
1.97231
2.21298
1.55209
1.85715
1.63276
2.93662
1.86262
1.66517
1.71887
2.69019
1.67997
1.60539
2.62757
2.534
1.74799
1.8798
1.9431
1.78509
1.80829
1.54664
1.7214
1.38424
1.57329
1.5351
1.99139
1.63307
1.72422
4.63964
2.62949
1.41966
1.87585
1.75997
1.77406
1.61017
2.42943
1.5037
1.76447
1.64573
2.76355
2.18784
4.68895
1.79894
3.78499
1.49149
1.5957
1.60197
1.77779
2.17117
1.70068
2.26132
1.99361
3.49207
1.80559
1.84745
2.14059
2.43555
1.56689
1.6482
2.15567
1.66318
2.18587
2.68703
1.90513
1.85997
3.45297
2.02293
3.91159
1.7887
1.60561
1.81335
1.68394
2.80522
2.35933
1.73316
1.65329
2.92037
7.27907
3.59285
1.65849
1.7403
1.84067
1.76768
1.81442
1.55474
1.47211
2.0404
1.51405
1.92608
2.85239
1.69607
1.48588
1.72911
2.12626
2.056
1.71294
2.31128
1.95806
3.3528
2.75762
2.24776
1.67789
1.84352
2.40706
2.01938
1.61379
1.91879
2.2171
1.5862
1.86411
4.73591
1.75477
1.79547
2.34789
2.01405
1.75749
1.65628
1.36428
2.32918
2.58571
1.80466
2.24641
1.5664
1.62369
1.56827
2.70658
4.10229
1.61992
2.16105
2.03685
2.02595
3.34506
1.71434
1.68345
2.76185
1.72473
2.38984
2.31756
4.02978
1.45777
1.56997
1.61834
1.43683
2.2069
1.92434
2.19555
1.73686
1.65333
2.73758
1.67073
2.33162
1.90329
3.99171
1.96988
2.2595
3.04749
1.71134
2.04402
1.81462
1.89039
1.57853
1.55632
1.6522
1.87683
1.56511
1.59276
1.67918
1.7913
1.63973
2.06166
4.69345
5.26897
1.98609
1.92164
1.91143
1.79597
5.64528
3.28378
2.44402
1.4009
3.24062
3.11751
1.62293
2.99669
2.35832
2.21379
1.57463
1.46978
2.45868
1.5592
2.59361
51.1325
1.66318
1.99529
1.77211
1.80554
1.31625
1.39459
2.08423
1.79283
1.77641
2.08361
3.72965
1.6833
2.07975
1.66373
2.04984
2.81855
1.56333
1.91506
1.66041
1.98833
1.75635
1.57629
1.8409
2.76847
2.06685
1.53205
2.1433
2.29179
1.5993
2.38944
1.93305
1.86763
4.51216
2.63831
1.90596
1.56767
5.3895
2.07803
1.59834
2.02783
1.78967
1.64524
1.71947
1.77261
1.46385
2.44095
2.84283
5.40173
3.24186
2.11599
3.99133
1.76217
1.84069
1.84279
1.71494
1.95862
2.23372
1.77492
1.68586
2.66962
3.58012
1.65603
2.17535
3.65023
2.94781
1.69381
2.78286
1.7338
2.69535
1.86069
5.12532
2.18108
1.78761
2.94935
1.9784
1.6702
1.69638
1.81929
2.12787
1.80489
1.55022
1.66263
2.89986
1.93559
1.81294
3.37646
2.09335
2.15453
2.07723
2.47914
2.63123
1.46566
2.15253
1.65332
3.83269
1.634
2.37309
1.97915
2.23359
1.50694
1.7649
1.6089
2.64466
1.77871
2.51254
2.38306
4.00265
1.9906
2.26701
1.89659
2.3631
5.13239
1.53312
1.39228
5.67436
1.82327
1.91924
1.70047
1.67011
1.78714
2.49337
2.34885
1.76573
1.82187
2.13407
2.09556
1.97943
1.99105
1.87938
1.66402
1.59643
1.98866
1.6647
3.0966
2.16571
1.85451
3.80595
1.73496
3.09365
3.22452
2.29626
2.14001
3.39903
3.13843
2.04943
2.09808
1.88462
2.08875
3.20373
1.64129
1.74544
3.56682
3.90677
1.48981
1.90736
6.47891
1.55207
1.47485
2.41464
2.57493
2.01977
2.17569
2.08747
2.82316
2.25427
2.24337
1.50981
2.56359
2.72173
1.86779
2.52927
2.0928
1.71288
2.42928
1.60938
2.22407
1.86246
2.96975
1.94338
2.13498
2.08625
1.56439
2.22284
4.15256
2.03039
2.29627
2.77489
1.66525
1.82452
1.67606
4.70293
3.77566
1.54758
6.41259
2.13095
1.41449
3.14405
1.60102
1.93034
2.09151
1.33916
1.45492
2.68054
1.75932
3.14486
1.65308
2.23095
3.57415
1.71381
1.93987
1.96717
1.5871
1.809
2.18689
2.47848
1.45844
1.689
2.68395
2.57774
2.91571
1.93708
1.4964
1.52312
2.56074
2.34671
3.04833
1.45743
1.78609
1.99907
4.36192
1.40969
2.86952
1.79978
1.88265
5.6759
1.64371
2.30103
1.45128
1.71611
2.54962
1.54673
1.7177
7.60597
1.98846
2.22447
2.39214
3.98347
2.49541
2.08865
1.61509
2.23882
2.69203
1.51802
1.75395
1.60049
2.90785
2.19845
2.11656
1.76262
2.23569
1.74753
2.27715
1.49264
1.60321
2.35827
2.07528
1.96633
1.88719
3.19705
1.36408
2.1284
1.93051
1.93671
2.94624
2.14457
1.61349
1.83451
1.67916
1.59345
1.7041
3.01502
2.52982
2.07416
1.89305
2.52104
1.69716
1.87836
1.38411
2.08729
1.31868
2.29121
17.57
1.80761
1.78754
2.17497
1.47
1.88133
2.02269
2.13541
2.2161
1.82128
2.04036
2.19965
1.19505
1.72661
4.15307
3.86941
3.46253
1.46632
2.31513
1.65213
1.8758
1.86733
1.91726
2.5934
1.49336
2.20115
1.70331
2.009
2.08472
1.83411
1.67541
1.57675
1.91245
1.93907
2.37339
4.85993
2.21026
1.71611
1.66687
1.92944
2.38967
2.08371
1.78717
2.02787
2.23203
1.41901
2.41879
2.37997
1.36001
2.71956
2.53892
1.52759
2.64287
1.6864
1.74323
2.01497
1.53571
1.54897
3.30415
1.78989
1.96488
1.3567
2.33823
2.16537
2.32936
1.57277
1.68047
1.75077
2.27588
1.53489
3.78505
1.59609
1.9682
2.08948
2.20372
2.34777
1.62908
1.85233
4.51854
1.47306
1.78475
2.67668
1.97931
2.08747
1.57491
1.48017
1.93606
1.37616
1.43793
1.52421
2.02139
1.73092
5.5919
4.10501
2.39925
2.27636
1.91284
1.59964
1.59574
2.40165
1.68671
1.82612
1.92737
2.95818
2.15918
1.63844
1.64244
2.54756
1.65874
1.8868
1.73244
1.83704
1.83209
2.33682
1.61011
2.98785
1.54154
1.97942
2.51661
3.05289
1.54068
2.25483
1.87174
1.68219
2.13963
1.37538
1.87561
2.6631
2.47003
1.77763
2.00992
2.4034
2.25187
2.09649
2.70924
1.96582
1.45307
1.7333
2.69705
2.35754
2.09644
2.82275
1.73709
1.67944
2.32988
1.82285
1.61783
2.12669
1.78399
1.9874
2.20425
8.17674
4.57903
3.06865
1.57684
1.48125
2.20876
2.46682
1.53408
4.82598
1.96969
2.3979
1.93951
1.79808
1.8476
1.58028
2.3767
3.51752
1.65336
1.70315
1.60597
2.14638
5.76796
2.51775
1.41699
4.3296
1.79392
2.14379
1.60549
1.441
1.98121
2.14215
1.76509
1.58763
1.55013
1.9738
2.4925
2.879
1.8343
2.12023
1.70014
1.71081
1.97957
3.91454
1.5138
2.06837
1.79551
2.27194
1.4185
1.69201
1.66511
1.96466
2.17537
2.09939
3.05358
1.51631
2.53001
2.19402
2.32671
1.5281
1.8336
3.03558
2.7984
2.69831
1.5905
1.65878
2.01864
1.85251
2.02167
1.47366
2.25033
1.47817
1.97191
1.74447
2.45389
1.65034
2.31004
2.01879
2.64827
1.79716
2.50733
1.87763
1.76033
1.67432
1.7606
2.1067
1.93913
1.89013
2.25313
2.04795
4.3009
2.32253
3.7703
1.87631
2.8245
4.45772
2.24783
1.54288
2.56017
1.67096
1.6822
1.66285
1.51149
1.62094
1.82585
1.58769
2.01621
1.83361
1.35461
1.57507
2.14827
1.84437
1.58961
3.27765
4.14061
1.32262
1.65907
2.24183
1.90993
1.69258
1.67102
1.49348
1.92674
2.02223
1.69821
1.63421
1.9726
1.87531
2.12613
4.33654
1.75483
1.9424
1.65683
2.07401
1.51803
2.37663
2.69345
2.13268
1.93417
2.88631
3.94468
1.73853
1.68224
2.24492
2.79018
1.55254
2.093
4.63713
2.62332
1.72134
2.14216
3.09194
1.77675
2.33432
3.56028
1.59336
2.47335
2.10832
1.50668
1.43389
1.96876
1.53304
1.72638
2.16136
2.47656
1.57566
2.01322
1.82656
3.46147
1.6729
1.77475
1.88221
5.46183
1.75548
2.06863
2.33843
2.14213
1.68777
1.81664
1.56269
1.81776
2.03431
1.57707
1.46575
1.73998
1.79573
1.76574
4.25189
2.46674
2.09818
1.57362
2.46186
2.05831
3.052
2.5324
1.7823
3.33402
2.97348
2.95849
1.6256
3.90569
2.03054
2.10433
2.3823
1.65099
2.03377
1.57796
2.27436
1.52986
2.86022
2.36751
2.36445
1.55818
2.22839
1.8436
2.33564
3.19258
1.46109
1.80333
2.04251
2.02996
10.5335
1.73038
1.80225
2.63008
6.33289
1.71206
3.51328
2.38849
1.56952
1.6436
1.89937
1.6191
3.10583
2.67435
1.74916
2.25895
1.42635
1.52761
1.53368
2.36025
2.5979
1.80468
2.63244
2.20796
2.50008
1.68276
2.28193
2.05673
2.21898
2.44389
1.89271
1.77009
1.93685
2.86899
2.36527
2.27623
1.7958
1.80273
1.87207
4.04076
1.89823
2.47721
1.86531
1.74267
2.1518
1.93044
2.12275
1.94246
2.74753
2.37662
2.48973
2.0453
2.71801
1.56259
2.24082
2.34371
1.74325
1.68501
2.5863
1.50009
4.74718
1.51106
2.10798
1.83044
2.12747
1.77747
2.07262
1.53895
2.29379
1.56393
1.50185
4.04539
4.1392
1.54939
1.6951
2.37149
1.98406
2.23454
1.75898
1.731
3.51425
2.04819
2.32431
1.87002
2.0694
1.80807
3.92238
1.42387
1.95065
2.2771
1.96814
3.21649
2.2514
2.60252
2.10728
1.74231
1.50586
1.99023
1.90727
2.21466
2.32386
1.6734
1.41561
2.14513
2.9872
2.20333
1.86651
3.12451
2.2945
1.44181
3.40813
1.73721
1.63991
1.71672
2.00487
1.38361
2.58759
1.68636
2.6616
1.4613
3.31123
1.94867
1.7601
2.40482
1.98202
2.0503
1.66248
1.87303
2.06252
2.62183
1.61257
1.95077
1.61812
1.54398
1.51607
1.50952
1.40031
2.07203
1.97955
1.40515
2.3774
3.27424
1.41869
1.35522
1.75229
1.92058
2.24178
2.07058
1.40729
4.07612
2.11728
2.30649
2.58888
2.25562
1.65969
2.97449
2.15571
1.55806
1.62649
1.77274
2.39497
1.76749
1.86503
1.88051
2.25861
1.3896
1.46718
1.48482
2.71542
2.76638
2.72229
1.944
3.03259
3.37451
1.97504
9.73595
1.71523
1.63952
1.93279
2.66815
1.85527
1.84873
2.58278
2.6639
3.06912
1.43714
1.86062
2.08737
2.12892
1.92031
1.67888
1.47462
1.95771
2.12864
3.83031
1.83046
2.50498
2.12011
2.00808
1.50195
3.23446
1.43756
1.87722
2.9324
1.31947
1.80209
1.60625
1.58341
1.71946
2.12232
3.7595
1.82663
2.70803
2.44307
1.46984
1.87022
2.12992
2.12672
1.60425
2.49813
2.89163
1.89264
1.53094
1.75735
1.80335
3.83159
2.39698
1.91861
1.65879
1.33684
1.9444
1.77455
1.87362
3.14218
1.92403
1.61264
6.38341
1.96264
2.85858
3.73407
2.814
1.74505
1.77557
1.80229
1.72084
1.72521
2.02624
5.43708
1.9178
2.69473
5.47884
4.66851
2.59056
1.78941
2.42045
2.04444
3.45589
2.2797
1.5604
3.57878
2.03696
1.57406
2.06529
1.84001
2.71385
2.12326
2.18583
1.99521
2.54277
2.44513
1.56054
1.37523
2.37176
2.32385
1.43157
3.18632
2.23134
1.55045
2.76164
2.05018
2.41671
1.93439
3.01013
1.38521
1.57723
1.3389
1.98384
1.49556
1.38655
2.93617
2.72718
2.514
1.58918
1.68304
2.02661
4.55973
1.72318
3.60237
1.81222
1.84453
1.7217
2.11789
2.99531
1.67528
3.19254
2.01067
3.72461
1.61479
2.0899
2.40775
2.19802
2.23204
1.72388
1.73603
2.60355
1.90794
2.79021
1.66006
3.28614
6.08907
1.49836
3.21056
1.73851
1.69168
1.9219
1.92552
1.87274
1.71823
3.55755
2.06607
2.8212
2.00007
1.56195
2.72358
1.57404
1.61771
1.92412
5.69888
1.95717
1.31625
1.63796
1.58122
2.71029
1.7015
2.78087
1.9262
2.13055
1.46709
1.7498
1.98904
2.10008
1.74618
1.68987
2.30196
1.41357
1.99122
2.51749
2.10631
1.64907
2.46586
1.60461
2.78659
1.88637
2.89677
2.73487
1.60832
2.45866
2.11354
1.86754
1.73855
1.54295
1.91542
3.43338
7.64158
1.77861
2.26074
2.18943
2.89943
2.48766
4.09768
1.55345
1.98693
2.16616
1.60379
2.2657
2.76701
2.10149
1.89914
1.66501
1.60912
2.81871
1.71145
2.20357
4.31996
1.47321
1.61895
2.00651
2.02653
2.44306
2.42087
3.10601
1.63778
1.69893
2.07282
2.02997
1.79244
1.61027
2.82045
1.55415
2.00635
1.72603
2.92827
2.94449
1.97298
1.56599
6.69726
2.32258
3.27189
1.63211
1.35633
2.08071
4.1738
1.92965
1.72143
1.77277
1.8
2.47672
2.23596
1.9425
1.57499
1.38164
1.68756
1.90927
2.01596
1.502
1.4205
2.05867
1.73814
1.8639
1.52458
1.89972
1.87002
1.746
1.63347
1.66296
1.92186
1.47714
1.81529
1.50551
2.13774
1.6604
3.46579
23.2236
1.3958
1.45126
2.09844
2.09262
1.86606
1.87771
2.48132
2.3396
3.88664
1.8999
2.33482
1.91136
3.53276
1.80507
1.97931
2.27475
2.05479
1.72601
4.75764
1.73107
1.65125
1.99183
1.52412
2.41051
2.61686
1.62483
1.71549
2.28299
2.08053
4.00349
2.26061
1.79086
1.81954
2.6973
1.81114
2.07842
1.50979
2.01011
2.4989
1.92276
1.42961
2.18259
2.43757
1.5766
2.14989
1.85701
1.62681
1.85111
2.29932
1.50363
2.68671
2.3314
1.82977
1.41248
1.84692
2.07803
2.23643
2.22718
3.13575
2.22679
2.48538
1.81485
3.50378
1.66371
3.88873
3.29399
2.00289
1.60323
1.64764
1.62067
2.03116
3.14658
1.67265
1.65389
2.19602
1.59405
2.03003
4.30836
4.37205
1.47284
1.62104
2.47982
2.87557
1.82118
2.53246
1.67441
3.53878
1.9485
3.80887
2.81261
1.81935
2.35589
1.8929
2.47707
1.54785
2.42249
2.20766
2.37989
1.96765
1.58273
1.74035
1.48775
1.94847
1.69606
1.75599
2.30798
1.73838
2.262
1.61854
2.09542
1.9629
2.03353
1.34576
1.6482
2.0502
1.5616
1.6674
2.87695
2.59573
1.70358
4.28948
2.10259
9.6483
2.04869
1.71384
1.82044
1.69141
2.06217
2.91559
2.22205
2.62708
1.49896
2.30055
1.39027
2.83886
1.71216
1.66117
1.69469
1.77748
1.86641
2.17765
1.48074
2.71448
1.54361
2.80133
2.28413
3.14007
1.61609
2.17237
1.6375
1.71006
1.86763
1.847
2.98814
1.82571
2.12776
2.96624
2.07879
1.62731
3.67121
1.63798
2.82636
2.6046
2.71678
1.64424
2.10365
5.59397
1.6326
2.66542
2.0667
1.8632
1.53275
1.4365
4.59852
2.0233
1.87846
4.9505
1.90338
1.83152
1.93304
1.66887
3.72864
2.51706
1.61418
1.60091
1.47899
4.05683
2.98505
1.95986
1.89903
3.57695
1.78406
3.13866
1.95945
2.08233
1.70625
2.15433
2.85941
2.57656
1.63481
4.25642
1.57458
1.78349
1.61355
1.92714
1.51395
2.19067
1.74381
2.61565
2.15646
1.57877
1.93107
1.85145
1.70493
2.28761
2.63495
1.72706
2.65411
1.79971
2.28145
1.87704
1.42863
2.40887
3.55308
1.6029
1.23109
1.79877
1.32093
1.49752
1.70645
1.96749
2.09457
4.72066
1.73695
2.86448
2.43934
1.63332
2.12474
2.10096
3.03918
1.35482
1.71015
5.08013
2.50292
2.08362
1.55992
1.83867
4.20989
1.72212
1.52732
2.36705
1.4644
4.20319
3.39468
2.25722
1.99458
2.96314
1.85912
1.47914
1.27972
5.29063
1.65594
1.77975
2.36237
2.21955
1.78904
3.15526
1.68658
2.24091
1.94173
2.25212
3.296
1.38114
2.45578
2.44133
1.64472
2.21441
1.50065
1.72853
2.21241
2.37689
1.52782
2.52379
1.34541
2.45596
1.61135
2.64908
1.99246
1.90189
2.06229
1.85098
1.39998
1.84953
1.48659
1.98657
1.85368
1.57374
1.55493
1.45706
1.41754
4.62292
1.79467
1.85682
1.5106
2.18839
3.52429
2.18007
1.77128
1.99587
1.8215
1.71349
1.83806
1.66158
2.23526
5.55397
1.6373
1.52598
1.95306
1.38632
1.64849
1.82108
6.32472
2.09043
1.74811
2.5645
2.23194
1.88275
1.5783
1.97292
4.83367
2.24868
2.26446
2.33937
1.93653
2.78596
2.4314
1.65235
1.80552
1.35434
2.11925
2.79574
3.56118
2.10738
1.83737
2.1972
2.16852
2.36702
2.54926
2.10952
1.86684
2.18436
2.00206
1.57768
1.92345
2.02253
1.63291
1.77335
1.23724
2.27887
1.99143
2.11501
2.415
1.65712
1.7272
2.51235
2.09081
1.67758
2.32639
2.77874
2.66139
2.13566
1.59387
2.82645
1.87608
1.65984
2.32985
1.64274
1.52145
3.02282
1.63285
1.98957
3.01035
1.78843
1.77222
1.55893
2.08414
2.04375
2.04528
1.68653
1.56386
2.11758
2.01831
1.4419
1.4915
2.2664
1.96985
1.65716
2.15584
2.36167
1.77001
1.81013
2.28621
2.95886
1.71648
2.95076
3.32451
1.74915
2.02536
1.46842
1.78674
2.04065
5.4313
2.00195
6.1081
2.11088
2.34735
1.94007
1.81197
1.82087
3.18015
2.09031
1.59022
1.6946
1.80311
2.78933
2.2346
1.8552
1.83009
2.08292
1.77
3.71467
4.69196
1.87622
4.15074
2.02323
2.39347
2.11004
1.48848
1.84
2.14593
1.51914
1.84618
3.62199
1.75008
1.86759
1.4697
1.5211
2.06984
2.03642
2.33797
2.49256
2.72179
2.03372
1.8414
2.94744
2.02484
2.05648
2.19041
2.00756
3.96462
1.89966
1.357
1.66535
1.92148
2.48704
1.74926
1.72999
1.96667
1.69526
2.2565
2.37334
2.04392
2.1505
2.03079
2.79934
2.04347
10.6173
4.40315
2.4381
3.94707
1.47659
1.79465
1.49584
2.0371
2.03792
1.62554
2.4561
2.97766
1.82311
1.51407
2.10814
2.4323
2.47262
1.73331
2.58686
1.94399
2.33645
2.07632
1.42869
1.53999
1.63756
2.06081
1.85124
2.01511
3.07972
2.87757
4.61989
3.03082
2.17481
2.14472
13.0828
2.39544
2.25254
1.6766
3.06369
2.37672
4.08735
1.62629
1.77508
1.46117
2.07012
2.89293
1.62118
1.88275
2.51999
2.04037
1.98092
3.03523
1.63257
2.0137
1.68272
1.56393
2.74661
1.45755
2.8664
1.75647
2.34149
1.64301
1.67222
1.50311
2.44238
1.64768
3.88941
1.72721
1.6327
1.66613
1.57403
1.64354
1.86058
2.25913
1.82783
1.93825
2.39235
3.64705
1.58884
2.07586
1.81473
2.02799
1.92815
1.65162
2.67403
2.72044
4.02407
1.87931
2.09897
1.71437
1.87827
1.44488
2.06349
12.4768
4.57262
1.77347
1.76812
1.77706
8.86789
1.50684
2.04691
1.89387
2.06172
2.10592
1.47054
2.57046
1.53287
1.89306
1.55632
1.50335
2.10051
1.89149
1.66156
1.32308
1.55827
1.86136
1.55197
2.81705
2.06605
1.90555
3.35103
2.68095
2.79057
1.89692
1.91313
2.01098
1.49788
1.95288
1.97469
2.20094
1.88351
1.56498
2.34146
1.88768
1.54928
2.4464
1.75259
2.36477
1.66157
1.64513
3.28456
2.99837
1.52447
2.03087
1.74927
1.92616
1.55674
1.55171
1.851
1.67522
1.94436
2.71027
2.49759
1.84355
1.34436
1.95683
2.39546
1.53514
3.95175
2.34268
2.34711
2.49649
1.95223
2.01352
6.81898
2.54894
1.65004
4.35691
1.36281
1.65266
2.08633
1.90305
2.30776
3.54716
2.13598
1.77951
2.01493
1.70072
1.79187
2.31019
2.0072
1.84594
2.95496
2.43053
3.2491
1.98164
2.52082
3.31459
2.12889
5.7735
1.45669
1.9331
1.91802
1.30117
2.26029
2.39177
1.71325
2.42098
1.76398
1.88645
1.67833
2.15546
3.59617
1.92107
1.8113
3.93411
1.62543
2.55315
2.24822
2.87837
1.80582
1.57589
2.30568
1.85481
1.5529
2.98874
1.76614
1.52958
1.69829
1.89258
1.53819
1.47044
1.9246
1.94554
1.77085
1.62815
3.0784
1.6219
2.09437
1.62816
1.93091
1.84146
1.96838
2.93442
4.51978
2.96162
2.25188
2.19865
5.79784
2.416
1.87937
2.5071
5.28154
2.65377
1.74953
1.74776
1.57225
2.73948
1.73938
1.29435
2.32823
1.85151
1.54362
2.85206
1.70834
1.71613
1.76796
2.44314
1.49044
2.05832
2.58976
1.68102
4.41516
1.74831
2.80589
1.58445
1.96664
2.10476
2.15696
2.35543
4.89801
2.57034
3.03135
1.63241
1.77315
2.07483
1.9554
1.9
1.88267
1.6376
1.91824
1.47614
1.38029
3.01692
2.80381
1.50444
1.72396
1.48096
1.95831
7.74964
2.78618
1.94204
1.50536
1.82864
2.29973
1.82786
1.64113
2.14115
2.87532
1.57814
2.6303
2.20996
3.0864
1.98916
1.79396
2.03735
1.50419
1.77724
2.2912
1.61899
1.88782
1.86598
4.30779
2.64055
1.76392
2.11249
2.21077
1.65939
1.45638
2.0291
2.07615
3.53173
2.01356
2.30579
1.76343
2.15633
1.97668
2.93165
1.66045
4.54684
2.49987
1.35598
1.9019
2.51126
3.7524
2.29001
2.09488
2.74171
1.84684
3.29704
1.47353
1.7041
2.5532
2.48352
2.68392
1.85087
2.27628
1.84455
1.41849
1.63452
1.88175
1.49141
2.82963
2.61076
2.3441
1.60275
1.78321
1.84952
2.19263
1.77581
1.54738
1.81752
2.00733
3.13102
2.47905
6.12607
1.80125
1.69394
2.35394
2.0876
1.85105
1.86539
1.62012
1.84778
1.85299
1.93275
1.76702
1.69413
1.94016
1.76755
1.89053
1.85457
2.2116
1.76446
2.66199
1.74704
1.84675
1.80056
2.30147
1.61213
1.80541
2.358
2.70011
2.73892
1.88008
1.82858
2.11597
1.59006
1.67274
1.76709
1.82303
1.8402
2.10571
5.3848
2.72222
1.52664
3.00723
1.84946
1.51159
1.77262
1.83832
1.90103
2.15291
2.20805
3.17956
1.78979
1.70382
1.87595
5.18591
1.83731
2.82897
1.84135
1.96301
2.59309
2.72001
2.97038
2.29007
1.84827
2.34805
1.80676
4.9737
2.11871
1.73684
2.00456
7.80975
2.57945
2.76284
2.3074
1.45022
2.77982
2.33934
2.19687
1.63228
2.77908
2.09189
1.86167
1.53114
2.31244
1.26989
2.1667
1.70342
2.38354
2.42801
1.68792
3.61769
1.5862
3.77729
2.66583
2.34121
2.4577
2.16742
1.69602
1.62524
2.05574
2.92548
1.34494
2.20997
1.52408
3.66647
5.24186
1.63929
1.9838
2.10135
2.96025
1.75608
1.27653
2.10474
2.59596
1.50237
1.98525
1.85189
1.73625
1.57735
1.72783
1.60931
1.53064
2.41676
1.60573
1.65056
1.66316
1.69289
2.12755
3.05137
1.68645
2.9797
1.411
5.37691
1.83834
2.46756
1.4346
2.39561
1.76612
2.35839
1.88988
3.09718
2.05435
2.52943
1.92522
1.79588
1.53366
2.01072
2.59402
1.46823
1.33674
2.25619
2.01279
2.00108
1.87903
3.17455
1.63044
2.07505
10.7089
1.54498
1.44855
1.89721
1.74944
1.42593
2.09532
1.47476
2.95842
1.95758
1.58416
1.46791
1.69193
2.27797
4.18392
2.95008
1.98962
2.08658
1.70164
1.80729
1.84053
2.35943
1.56841
1.72526
3.11974
1.90503
1.50395
2.09362
1.53893
3.42886
2.13445
2.18063
1.83825
1.53075
2.04949
1.62297
1.68647
1.76453
1.47883
2.48996
1.7042
1.79997
1.64658
2.54121
1.85863
2.27584
2.19016
2.00794
2.75679
1.80335
2.07309
1.40584
1.47638
1.84328
2.15126
1.807
1.65819
3.16434
2.49004
1.37634
2.37544
1.76873
2.13197
2.83646
2.31446
3.81321
1.5313
1.50314
1.70253
1.72758
1.95095
1.64399
1.71481
2.02032
2.06066
2.40726
1.68691
2.41037
2.38112
1.50335
2.10681
2.37371
2.11393
1.8592
1.53195
2.68854
1.57948
3.06538
4.16055
2.32715
2.05901
1.65643
1.51257
1.73599
1.73038
1.63463
2.72048
3.50857
1.54913
3.41017
1.76449
1.8196
1.71805
4.56482
2.63106
2.04337
3.34332
1.6269
2.27012
2.06646
2.44005
2.20145
1.60409
1.75406
1.85675
1.50132
1.96894
2.07952
3.09484
2.05413
1.80538
1.86587
2.10641
2.18525
1.86484
1.59953
4.21796
3.53133
2.55687
2.773
2.03555
2.28647
2.20165
2.17005
3.03819
1.51418
1.9933
2.64896
2.34445
1.71382
1.81307
1.94253
2.24169
1.64517
2.03112
2.33108
1.7151
1.73611
1.50165
1.61042
2.19392
4.2377
1.70752
2.30175
1.30613
1.72934
2.11796
2.91001
2.04965
1.95805
3.46416
3.76935
2.26694
1.49709
3.17832
1.71766
1.56539
1.61944
3.39817
1.43673
5.19334
1.54792
1.85137
1.7929
1.53798
1.90685
1.97913
1.99019
1.90657
1.56351
2.07679
1.63167
4.04536
2.07139
1.84107
2.23043
1.7967
1.97235
2.47282
2.18162
1.80721
1.66984
2.05311
1.85157
1.56697
1.81682
1.79509
2.4377
3.6019
1.65362
2.16123
1.99867
1.74904
1.78775
1.51198
3.21761
3.3266
4.73397
1.62127
1.75564
3.48622
2.78054
2.02575
2.07246
2.40509
2.04972
1.5262
3.38588
2.44606
2.76329
3.18661
2.44318
1.76837
1.95985
1.59862
4.29916
1.5168
1.60401
2.13547
2.11049
1.86389
2.65813
2.23522
1.71247
2.47748
3.01651
1.51748
1.60369
1.8629
2.41445
1.46581
2.29743
3.66433
1.89225
1.51821
1.60203
1.85499
1.97213
1.99703
1.86813
2.88812
5.59022
2.03751
1.62249
1.53386
3.04582
1.6465
2.11205
2.85112
2.35264
1.73745
2.03528
11.5009
2.33313
1.96658
1.67474
1.70668
1.64923
2.23284
1.90095
2.63318
1.77015
2.89294
1.58464
2.05266
3.4363
1.83897
1.96193
2.38122
1.65135
2.18722
1.47539
8.83096
1.94793
1.91475
2.25457
2.93585
1.82659
1.77139
1.81846
1.70253
2.18271
2.20551
1.82922
2.42777
1.43814
1.78678
2.14986
2.11151
2.60011
1.99846
2.10622
2.56247
1.77211
2.32826
1.77359
1.44955
2.41025
1.71851
1.85399
2.19849
1.74554
1.77517
2.21075
1.9127
2.19927
1.91077
1.74374
3.93997
4.99367
1.89814
1.80132
1.46272
1.48454
1.93928
2.76879
2.14382
2.38757
1.46926
2.09017
3.36824
1.59816
1.92158
2.50466
1.84807
1.55718
1.57386
1.94142
2.47924
1.80558
2.54131
2.4708
2.12782
1.70523
2.70123
1.73492
2.07693
2.45877
2.33217
2.49446
3.83273
3.59999
1.5812
2.05542
1.72582
2.24486
2.43041
2.0908
1.46501
1.95865
1.88349
1.70225
1.98808
2.10932
1.72572
1.78016
1.55992
1.78437
1.97218
2.55557
3.13705
2.35133
1.76333
1.85957
3.00679
1.83234
2.29388
1.728
2.95985
2.44095
1.55526
2.13875
4.94821
1.79626
6.14655
1.70976
2.38106
1.47394
3.1146
1.84946
2.93348
1.76628
1.67877
9.68987
1.60205
1.74798
1.96729
1.38361
2.09379
2.3303
4.42034
2.25608
1.7863
3.08833
1.9031
1.63398
3.22753
2.19733
2.97862
1.58583
2.99674
14.3825
1.55806
2.62142
10.4737
2.81569
9.06587
1.6019
2.13503
1.71022
1.81926
2.01768
1.85292
1.50475
2.67779
1.63017
1.6181
1.78135
1.43261
4.63749
2.36558
2.43851
1.50515
1.77637
2.22275
2.45421
1.90722
1.75129
2.79787
1.61184
1.9384
2.35473
1.46749
1.61368
2.11403
1.57668
1.71434
1.71056
1.58375
1.46506
1.93613
2.05919
1.78486
2.03687
14.2576
2.00323
2.09594
1.92046
1.7869
3.44742
3.37771
1.58027
2.29468
2.19794
1.36595
1.608
8.05759
1.47241
1.63819
1.98895
1.99497
1.70652
2.05591
1.72977
2.52892
3.49561
7.11227
1.97275
1.99748
1.63815
1.53564
1.93487
2.05723
2.15862
2.05336
1.76723
2.31736
1.6005
1.59015
1.6707
3.68107
1.74557
2.34488
1.70588
1.88115
2.05732
1.83295
1.89274
1.6385
2.20433
1.74456
1.9361
4.11902
1.56847
1.61779
1.6221
2.24972
2.05569
1.4345
1.9235
1.76679
2.13749
1.90068
1.90422
1.70426
1.92931
1.93308
2.13368
2.52759
1.52375
1.68743
2.40823
1.47845
3.94536
1.502
1.85775
1.91446
4.72827
6.28215
2.57966
2.00439
4.35565
1.98697
2.54645
1.34802
2.15015
2.75472
2.06098
2.15005
1.43207
1.84633
3.14179
2.072
1.82728
2.82052
1.73648
2.52927
1.56861
1.83235
3.11616
2.00129
1.87258
3.34218
2.65665
2.71162
1.61112
2.46413
2.35516
2.32707
1.47432
1.89161
5.2315
2.92964
1.91874
2.16969
2.05068
1.69833
1.76898
1.91102
1.6376
1.85297
1.44561
2.2966
1.52407
2.03861
2.50649
1.86054
1.91665
1.60862
1.68411
2.12242
1.7045
1.99031
1.5868
1.80808
2.04702
1.96734
4.93269
2.0695
1.60153
2.26546
1.77305
2.04091
2.16245
1.50487
1.82139
2.02768
1.92911
2.17115
1.60508
1.95645
2.32973
1.32685
1.4671
1.8719
2.20754
3.02582
3.41939
3.65223
1.80494
1.43858
1.45
4.6614
1.69864
1.4716
1.7894
2.73809
3.43947
1.84453
2.88859
1.68179
2.08849
1.68663
1.64275
1.42704
2.32049
1.93984
1.92211
1.77788
3.50608
2.00515
1.96465
1.77131
1.81063
9.57964
5.27402
1.6878
1.49252
2.96793
1.35313
2.58797
1.72903
2.28656
2.02041
2.31268
2.5448
1.71949
1.83515
2.03584
1.71873
1.94742
3.07289
1.63131
1.81391
2.29839
3.06329
2.40714
1.80296
2.17176
1.80281
1.49575
1.85463
1.7531
1.65943
1.6774
1.68977
2.1366
3.87148
1.98776
2.57948
1.70181
1.57115
3.48511
3.36989
2.71719
2.10372
4.01645
1.60885
2.19093
2.78369
2.28618
1.60365
2.46671
2.36237
1.60619
2.34135
1.90953
3.03407
2.09804
1.83089
2.88973
1.86416
2.48643
2.4861
1.58427
2.24303
2.08448
1.97942
1.56685
1.64141
2.17567
2.1087
1.7008
2.43023
1.90397
1.55525
2.33023
2.43504
1.46617
1.98151
2.19549
1.99516
1.90824
1.94211
1.98057
1.54619
1.94069
2.083
1.94326
2.5706
2.36771
1.91975
1.50209
2.99983
2.35716
1.65935
1.56157
1.94565
1.72322
1.78799
2.78769
1.76767
3.62026
2.26576
1.71198
1.79054
1.79441
1.50558
2.2754
2.59225
2.27845
1.82001
1.40678
2.20427
1.43571
1.78586
1.87921
1.60552
1.8393
1.73748
1.46275
1.83763
1.71599
2.27579
2.15443
2.69332
1.90484
1.54239
2.01011
1.83745
1.95316
1.80017
1.98942
2.2106
1.7067
1.65187
1.98285
1.59165
1.75822
2.2413
2.71925
2.753
1.82034
1.70322
2.70341
2.02287
1.69861
2.13433
1.34087
1.74056
1.66102
1.89681
1.77288
1.7316
2.37406
1.6334
1.9388
1.63489
1.71091
2.20614
1.94506
1.75132
1.80023
1.52328
1.56911
1.77387
1.32081
6.46687
2.0255
2.422
3.97709
1.90175
2.46596
2.10887
1.49187
1.98255
1.70392
1.96078
2.99989
5.89485
1.74792
1.80077
1.65728
1.94328
1.9859
1.68829
1.4828
1.94626
2.00302
2.46124
1.63724
2.8084
2.3751
1.84972
1.61392
1.81568
2.00674
4.28673
4.59798
1.63255
1.63405
2.7184
3.23837
3.05612
2.90557
3.92916
1.88794
1.68926
1.60907
2.08354
6.42125
2.12354
1.85744
2.13683
4.84671
2.16631
5.12368
1.69149
1.70564
5.25653
1.80485
2.0892
1.75942
1.8572
2.41378
1.66738
2.28737
2.53729
1.47696
2.6861
1.83144
1.90599
1.65487
1.63776
2.11478
2.03232
1.80959
1.85339
2.09427
1.78863
1.79037
1.71368
2.76298
2.2331
2.49715
2.17551
1.85567
2.27766
1.7147
2.15872
1.81472
2.12492
2.41104
1.66962
1.66298
2.3551
3.89133
1.71186
1.88588
1.97009
1.78655
1.73385
1.54684
2.63699
1.88183
1.66151
1.94429
1.62776
2.41065
1.72592
2.92039
1.29074
1.8673
1.78093
1.85134
1.5914
2.24537
2.15861
3.05991
1.8397
4.21161
1.37276
2.05593
2.26903
3.83797
3.53156
4.54325
1.89882
2.05562
1.65159
1.63977
1.85276
1.82609
2.40524
1.68723
1.54218
3.29381
1.77108
1.54541
1.97853
2.41724
1.95532
4.55906
2.18277
1.62623
1.42914
1.40047
1.89917
3.70626
1.51935
2.47255
2.24641
3.69855
2.32131
1.73595
1.84995
1.67644
1.61859
2.2034
2.38173
3.86063
1.88309
1.60791
6.89016
1.48212
1.91603
1.54963
1.66267
4.17755
1.6737
1.36292
1.98875
1.49156
1.66305
2.31018
1.58263
1.70101
1.68434
2.06367
1.90078
1.84351
1.7247
3.31779
1.67252
1.50869
1.5918
1.88301
2.00327
1.73773
8.53032
1.3951
1.99672
1.45764
1.99784
2.03118
2.31094
1.89268
1.33904
1.51642
4.74003
4.51427
7.73127
2.30161
1.58243
2.37796
2.80909
2.14637
1.78117
2.74753
11.636
2.00821
1.96488
1.5263
1.38486
1.97465
2.79282
1.83249
2.19175
1.8697
3.45233
1.51062
1.54855
2.23
2.41213
1.66847
1.70019
3.25623
2.82866
2.23982
2.07107
1.64803
2.24017
1.87151
1.46244
4.65227
1.93901
1.62079
1.74508
1.62768
1.46623
2.0212
1.85655
2.14452
2.3843
1.67828
1.78007
1.9878
1.60146
2.74376
1.92675
1.30539
1.40812
1.97034
1.95481
1.81433
1.39503
1.51964
2.15926
1.95535
1.48714
1.64235
1.57953
1.90673
1.73969
2.50134
2.47644
1.60984
2.06524
1.51165
1.75503
1.44862
1.7783
6.70423
1.88033
3.45559
1.67901
1.80598
1.76406
1.89529
2.47391
1.65002
1.67435
2.31374
1.62855
1.86835
2.55825
1.45354
1.72644
1.54647
2.24474
1.6534
2.06852
3.39008
2.17213
2.79862
1.65703
1.55354
1.96725
1.50583
1.82461
2.36373
1.75247
1.49905
3.18539
1.76574
2.50918
2.10126
1.76149
2.83956
2.0523
2.96117
1.71111
1.66668
2.66198
1.79541
1.65163
1.93395
3.23725
2.26126
2.20325
1.44153
2.02709
1.70528
1.76019
2.12235
4.08319
2.83712
1.69422
2.3714
1.81076
1.77231
1.80524
1.72142
1.66001
1.60739
2.24013
3.44187
3.76834
1.61982
2.09209
7.02506
1.87882
1.43785
1.67242
1.61225
4.46767
1.65895
2.87823
1.64528
2.1123
2.42563
2.11697
1.86492
1.92719
2.01532
2.58885
1.97246
1.81543
1.70661
3.56804
1.23945
1.71571
2.01649
1.53392
1.68406
1.81309
3.26363
2.17714
1.69217
1.70097
1.33895
2.42557
1.84695
1.67859
2.2783
1.68569
1.87959
1.81551
1.84806
1.74609
2.14853
2.58478
3.28066
5.37497
1.52423
2.17441
3.06513
1.50019
2.25744
1.7287
1.6261
2.11383
2.28078
1.3456
1.74579
1.84648
1.74263
3.94219
1.49772
1.81607
1.74884
2.45371
1.50814
1.75991
2.21359
1.61653
1.81135
1.72232
1.66928
2.88838
1.57024
1.60078
1.55072
2.07714
1.9175
6.26131
1.55442
1.75271
1.89686
2.01889
1.6416
2.21387
1.74187
2.19272
2.25921
3.82839
1.54375
2.51902
1.68469
3.42802
3.20007
1.87166
1.59661
4.07903
2.96145
2.25843
3.5968
2.16928
1.50413
1.71176
2.60032
1.97204
1.80467
2.88361
2.07758
1.50785
2.94123
5.48821
2.9425
5.99981
1.80506
2.22272
1.33222
1.51298
1.84538
1.67942
1.78902
3.42357
3.25582
2.36493
1.85234
1.57828
1.99685
2.78397
2.46459
1.59223
2.16371
1.78934
2.54931
1.71861
1.6752
1.68641
2.48735
2.18933
3.50858
1.81938
1.638
1.66768
1.80277
1.61139
2.03693
4.29019
2.06321
2.52912
4.29608
1.63945
1.9825
1.96501
1.66612
1.86503
1.83181
1.79462
1.68206
1.57495
1.79264
1.96124
1.97403
2.6726
1.8411
2.12008
1.57409
2.03213
1.50701
3.75884
2.60369
1.52107
1.41064
1.82776
2.13736
1.91472
2.48836
1.65061
2.16671
1.74756
3.13087
1.6751
1.53049
1.72896
1.3676
3.42163
1.96297
1.82484
1.62582
1.91484
2.05922
2.42177
2.00392
1.84678
2.21294
2.36694
1.64918
1.33241
2.15761
1.93437
2.61721
1.97583
2.8595
1.89841
1.4187
1.61843
1.90193
1.95965
2.11623
2.62543
2.17498
1.49548
1.98808
2.44229
1.78245
3.06008
1.53953
2.11199
3.08275
1.89687
3.44333
1.79661
2.41338
2.23375
2.84468
1.90705
2.6789
1.80175
3.14183
2.204
1.77753
1.92185
1.94424
2.4291
1.85053
2.79251
2.2244
2.69951
1.74033
1.91714
1.56284
2.31043
1.55048
1.96866
1.81053
1.80049
5.18672
1.62161
2.05161
1.62591
2.22375
2.05907
1.91235
2.01846
2.11035
2.41677
2.15844
3.57459
1.76832
1.79252
2.82926
1.78186
3.53553
2.2806
1.84776
1.78101
2.03312
1.94899
2.43682
1.95697
2.21718
2.83872
1.52473
2.18232
2.14489
1.39946
1.83447
2.12161
1.6778
2.564
1.4597
3.63753
1.79604
1.8027
3.67325
1.86295