216.002
1.41586
101.911
31.2081
29.7804
12.388
11.3498
8.20319
11.255
51.9486
11.2816
201.885
2.55464
14.423
31.9244
3.22901
37.9342
10.0324
9.53599
46.1187
35.5449
33.5564
7.75366
14.7164
44.6775
8.63054
37.5957
26.6428
12.4835
68.2154
19.682
59.8157
3.85828
67.3203
2.48677
20.0693
22.7321
65.6283
21.9403
36.1897
3.74739
1.39213
4.46778
29.7644
32.5261
57.3804
174.997
3.14473
14.9711
10.3187
15.2267
6.56919
2.15201
9.8996
16.4155
173.571
25.7338
124.544
14.0873
129.944
4.92348
2.64659
29.4543
14.038
27.1785
46.6317
4.97348
8.23648
13.1643
16.9764
0.318357
162.485
1.58241
9.44217
3.59619
23.4316
4.65585
9.21218
10.2668
17.3631
46.926
19.3139
0.842337
15.8506
30.5332
80.5322
5.15566
4.41868
13.7755
1.88963
4.44508
21.5979
44.9418
9.6641
62.5856
9.68445
3.50432
155.535
9.09047
11.6689
26.1379
21.6585
6.11986
23.4741
577.664
4.72056
50.0709
30.5216
23.1676
37.3298
26.338
16.78
2.79695
14.5172
8.16148
74.977
13.0136
20.5539
56.7336
23.75
23.8866
1.91572
115.977
8.49146
2253.84
13.4246
4.58928
142.375
22.9974
288.711
651.95
12.5598
27.1803
43.8809
47.4608
22.5258
7.21844
21.9384
20.9121
4.89343
11.899
140.455
6.05803
2.60922
22.2277
11.4481
2.46084
5.78855
17.6756
124.526
4.59133
38.4586
2.80282
5.84994
13.2526
1.92645
79.2086
16.8301
7.34851
12.9189
58.4205
15.7807
8.00483
48.4831
11.2616
30.2842
7.23487
14.0653
167.508
6.4841
14.2861
21.8422
12.738
10.6754
6.31901
78.4822
35.1267
6.77261
79.5015
21.488
1.71122
26.5089
2.78302
21.7068
13.4569
5.37248
48.7821
3.52338
8.49265
4.37112
25.123
18.266
16.2231
29.9096
17.2528
25.9284
10.8435
42.8403
4.51243
16.8616
58.7385
22.7044
5.94422
9.99185
9.05341
7.00691
265.493
12.416
31.2914
22.4407
91.4199
46.2742
11.9589
12.9221
30.8017
58.3123
5.44273
31.6659
12.0144
19.6528
11.6683
5.85713
206.403
389.777
4.73291
13.0106
2.75965
14.4684
14.068
28.0437
49.5339
2.99951
17.0196
9.81915
7.74506
4.96452
4.62536
8.96365
23.3165
8.41855
59.9055
18.4449
8.51087
9.09076
66.5142
10.4998
19.5419
70.4118
2.31537
7.64963
39.9431
6.33513
42.9812
8.61558
51.0992
55.8609
51.2993
14.3263
13.0547
2.52415
2.56377
30.2764
4.00989
10.4227
16.1504
2.58594
43.4331
38.1382
133.55
10.6785
15.5968
10.9696
7.3874
7.77083
48.7264
9.58517
15.2844
26.2611
3.52748
11.3299
31.9732
10.2678
9.67363
5.96386
11.358
11.0342
2.58434
2.27321
17.794
8.52505
17.0246
14.6977
80.1384
56.7655
6.241
12.8528
48.8842
3.52307
781.992
22.0965
16.1324
33.4843
3.48849
13.7953
28.0939
10.6752
6.8776
11.9785
13.2946
3.82578
30.688
147.005
12.5315
68.7971
14.5161
31.9092
28.0232
9.60898
274.116
6.97948
55.6036
29.5422
44.4088
7.44163
20.7905
15.4463
11.8679
26.9911
65.442
11.6094
19.707
7.54258
264.515
15.2807
5.73849
17.9603
11.9555
8.76154
18.1065
29.2354
43.6547
19.5095
11.0228
59.3756
41.602
110.406
23.7021
219.379
14.4854
18.146
7.1444
18.9029
4.64751
18.9219
4.14234
72.5928
54.1329
23.7334
3.1538
7.48001
15.5108
12.9373
111.457
13.7256
4.04289
10.2613
172.996
3.57359
6.92634
16.4305
35.7316
5.38638
4.27975
16.9032
2.57361
32.6742
6.93481
110.435
27.4306
5.17774
128.176
9.3909
20.2813
11.1539
26.1795
7.68511
59.9272
9.61983
27.5775
27.461
40.596
601.915
26.0134
23.2615
5.65576
20.568
15.0042
26.8388
14.1003
127.037
8.75231
194.488
113.743
79.4166
57.2586
0.250941
3.656
24.3619
31.5676
113.849
97.5079
114.561
27.5869
6.13127
64.2807
12.3417
18.8883
281.19
2.69775
2.25307
7.44584
15.3756
4.07012
57.7303
31.2702
6.44801
14.0569
63.9292
5.92934
5.68054
0.502979
10.1592
1.99387
29.1878
11.3764
11.7055
22.0558
10.1501
55.7135
17.2583
19.5679
79.4736
8.17042
53.7977
60.1301
18.2082
3.53525
71.8805
8.53858
4.93911
27.4587
7.02136
14.1078
479.313
7.35042
11.9172
147.746
9.10454
21.6253
8.1216
65.3108
4.94459
46.35
38.6007
8.45639
13.5407
16.6675
34.8211
6.7715
27.4199
20.769
6.85746
3760.75
14.3953
15.8861
98.787
3.03457
11.0239
3.54654
46.2339
7.69465
6.51359
33.9468
159.995
23.3406
24.6048
35.6754
14.9851
108.987
9.2879
132.657
48.3073
17.7961
18.9837
4.77915
19.5115
9.68453
98.2237
4.62509
189.72
13.7454
9.24373
3.93814
31.8666
1.94302
14.2791
6.31706
19.9639
189.804
33.9456
25.511
52.4908
12.8919
52.6282
13.283
177.574
32.7674
19.5827
14.6603
20.2373
5.10927
9.94468
10.2197
7.48244
43.635
18.4061
4.87201
27.9967
5.10176
37.63
1.35699
7.22985
3.23247
7.73475
18.3712
12.262
5.17403
36.4834
112.043
34.6245
2.12928
6.53192
13.4602
24.2702
11.4915
1.45786
26.184
7.58235
418.192
19.032
19.644
21.6182
29.2589
30.404
11.5881
5.75881
10.6322
32.9501
14.4535
9.38502
6.55622
63.8854
76.4967
6.55215
15.3901
25.1631
243.013
9.06307
1.8972
34.176
8.54945
94.5753
10.1545
27.9744
89.1623
1.574
2.84305
73.0286
25.4099
3.57694
13.3163
9.75901
1.35263
83.6273
26.2319
51.5821
69.1246
15.6505
31.9888
8.41224
57.041
4.72298
7.7766
3.63776
9.17349
12.8654
42.6478
4.53547
13.0064
6.727
1095.84
46.1683
56.6649
5.82715
529.904
15.5554
4.76905
74.322
22.0075
6.16752
12.5025
13.0573
44.3351
2.22033
2.74848
6.41016
94.6308
2.69276
45.735
10.9358
19.1881
2.51364
18.1168
237.29
31.9606
4.63306
12.6924
6.74507
16.6635
702.414
4.18078
37.2487
77.7338
4.72066
26.2834
6.14928
12.7798
23.3465
4.82573
9.14245
9.4583
10.0215
5.22844
4.05188
16.0817
141.806
35.0336
14.1742
13.3273
21.0223
3.15039
94.8744
20.511
12.2749
53.8842
9.84472
422.04
29.5038
9.14013
16.7146
74.2212
20.0814
26.0656
7.76544
24.5471
100.047
113.689
36.0809
55.4652
89.5109
6.61437
11.4442
18.2752
6.81497
47.0249
28.4189
33.0533
3.2955
14.9811
3.1964
6.9609
4.66852
8.58114
16.6179
126.281
35.263
5.8911
189.125
3.74756
5.31032
25.2921
3.22089
15.4851
7.47725
4.03285
10.3534
105.003
1.34488
3.08349
14.0881
61.2285
13.0448
41.0515
10.0617
6.12229
27.0203
11.3483
3.57911
13.2932
5.6811
29.6955
7.03466
2329.73
8.88831
40.8315
15.4744
15.7501
18.8813
5.79345
7.50807
15.4385
26.5237
5.79411
7.94272
14.6335
4.31305
9.05766
7.75844
300.037
3.35627
49.2963
22.4602
52.9963
4.32662
7.62081
41.8677
11.895
25.9545
9.00671
1.03657
41.8588
19.778
8.25838
2.44773
19.2308
4.48104
44.5948
5.62306
29.4337
158.623
4.49606
7.50508
83.7437
18.4779
8.25339
2351.84
383.405
7.46121
47.411
7.43195
26.2294
51.6148
16.1061
7.70532
85.7021
20.1967
15.5855
43.9321
2.83271
35.3623
75.3348
39.374
51.7006
118.715
10.282
12.6424
2.42278
205.031
5.91311
16.7963
60.93
8.63567
106.322
117.815
86.0275
8.09196
17.0248
10.3714
12.9679
2.8897
40.9467
1.87701
11.9522
4.41062
8.90809
101.622
62.0578
8.86754
495.434
24.0212
29.8631
8.44948
25.2251
4.08008
7.42902
40.0173
44.3823
74.4654
7.79356
2.28714
5.80975
25.6632
5.94964
21.6606
43.5506
3.16744
2.45836
121.45
521.347
9.5754
3.45545
9.51538
7.4112
11.5726
2.77481
6.92625
23.8736
11.4414
108.478
4.06336
16.6129
2.046
31.3763
46.6129
3.5401
66.3661
50.5566
15.926
74.4377
86.3626
6.99042
9.57849
4.13969
1.4916
27.7779
5.53868
2.10099
27.8172
10.8475
107.916
11.6792
6.90393
11.8546
1382.35
9.07495
113.154
13.6011
6.02604
30.2823
49.2906
2.35732
12.4611
12.1292
9.86306
45.2678
108.666
328.311
79.5417
20.1547
12.2945
154.178
7.1548
12.2706
38.65
20.9001
43.2612
26.6832
4.47992
36.7782
16.0045
56.2303
15.9061
5.82022
29.9043
2.48156
26.137
2.52687
20.5304
12.6143
14.1259
45.5182
16.9064
16.4138
32.4861
3542.39
5.456
9.96355
10.1566
6.32974
8.19164
33.6624
162.165
28.448
13.1266
213.507
118.064
3.14636
5.33888
11.8689
16.5492
4.52867
1.54096
34.0257
26.5386
10.8044
8.06509
11.6413
5.01533
6.67547
0.90376
20.1373
27.3621
17.8643
4.44024
1.49768
3.28724
3.20398
48.616
9.59233
48.4587
214.385
78.3339
33.8125
19.8336
3.36523
16.932
16.5049
17.1056
21.0113
17.6742
14.4666
3.72694
2.37417
141.539
16.4584
10.0948
2.78317
6.69244
6.6408
98.0323
7.46729
519.301
3.856
8.59203
27.9915
73.858
14.2788
76.3049
170.621
11.3816
14.0527
25.4567
6.47926
0.808093
127.158
34.9644
40.1989
49.8584
3.07263
34.7677
9.36197
21.125
4.5618
15.2371
0.757103
125.978
15.1265
10.2929
104.915
37.3715
24.1442
6.62186
6.74705
7.53518
6.32363
6.27428
20.7082
25.2558
18.7832
10.9578
7.64174
191.112
12.3852
7.0735
74.2592
34.9582
24.8156
26.7107
6.45394
13.9979
16.4043
7.8469
38.5984
2.98558
22.6499
16.628
4.19724
82.4548
28.7531
21.2773
19.8692
2.52146
41.7453
21.4357
9.92565
1.60257
1.25018
6.87365
7.39803
1.01806
1.12833
4.21576
87.5291
15.3535
30.1525
135.073
16.1635
18.9308
48.5917
8.32143
17.4956
23.3967
144.427
38.0991
4.79431
41.8279
13.7484
30.3969
14.8322
119.838
14.8035
5.92702
5.66715
23.1097
18.8112
6.15298
7.56814
11.6188
3.74069
21.1925
3.47898
13.058
14.7776
7.51952
17.0017
25.0907
24.1517
57.9387
6.65492
19.1044
13.4878
5.35529
8.89706
11.3141
496.082
32.6959
6.68554
16.5217
8.76984
22.3183
19.7335
6.68139
4.96347
4.6086
10.8036
10.5796
21.8192
42.7528
86.4608
37.0645
19.7628
6.56333
5.39129
4.57409
21.63
33.031
10.8917
10.7776
43.2176
296.533
1.91357
26.9471
15.1449
13.0404
4.39712
48.0423
2.90543
15.089
39.002
47.5964
1.83867
2.93499
7.6543
843.255
3.1007
19.4567
123.739
68.2227
3.79373
29.3838
26.6161
29.5589
9.72871
34.5319
20.618
25.7247
13.7571
20.8844
41.0109
25.8118
63.3685
1.69733
4.825
6.13378
14.8459
5.31681
23.3692
111.374
16.85
2.37131
57.8593
208.891
16.2144
6.82076
2.50236
2.54662
5.51832
46.6588
29.0143
9.34193
18.4105
45.4215
8.32875
6.87991
59.8499
12.3751
10.6314
39.1152
7.27019
6.09024
35.3958
18.0581
10.79
4.04464
50.4602
326.878
3.57838
13.0601
134.11
5.48785
0.381441
70.1351
6.90792
4.71336
8.21052
17.8628
51.3601
24.7912
7.50582
105.3
44.5049
13.7159
58.0241
20.7642
74.6861
13.8307
26.0349
1.72056
4.60135
11.5468
170.681
8.31984
9.4844
19.6142
2.5299
8.71381
1.76472
6.50801
27.5799
4.03205
61.3378
6.93318
6.04891
9.19868
5.07661
6.98865
41.0962
299.663
25.009
8.84279
76.1749
7.79417
70.5465
1.0398
10.6472
64.6759
2.19401
8.85018
8.87862
3.30815
36.6398
25.4715
2.35917
7.79631
5.57624
523.543
7.59889
8.01234
15.5
20.0626
8.71306
102.196
8.54621
142.519
7.49386
3.60647
22.2956
4.72901
18.4363
122.903
30.7728
6.85459
4.82733
701.919
4.84579
4.3104
9.4502
4.18139
11.8883
5.20779
3.54652
1.88848
7.97319
15.4448
3.68829
533.824
14.9066
6.82416
14.2894
40.1878
83.8112
9.95051
24.8297
78.0841
15.7302
21.6078
8.18688
12.8606
58.922
9.06994
45.1677
8.78767
36.1399
10.5367
31.671
6.58704
5.69646
13.3782
28.0929
1.31651
36.6204
10.6289
80.8801
4.16132
2.33844
10.7664
4.80088
57.9896
50.3329
7.90278
32.5839
8.71551
3.80214
4.97726
24.1156
7.0707
5.5749
4.59073
25.8155
3.97437
12.0713
6.86667
293.56
39.2186
142.935
3.61369
2.32438
1.91486
690.188
23.9551
9.47511
3.32842
17.3731
5.43753
8.64031
2.77445
4.80043
2.99767
1.61667
16.8351
17.4098
91.9675
86.1526
14.7662
1.50294
27.8809
10.2016
7.96373
60.7539
19.9548
27.991
24.3021
4.46384
62.6972
3.56672
268.823
74.658
10.9886
26.5851
13.9135
13.8198
54.5773
8.31743
4.81265
22.4432
7.15251
126.825
14.1618
60.0168
19.7262
9.90031
18.6113
226.812
46.2611
0.568951
12.0396
4.22941
256.938
10.8371
65.635
26.1283
2.87206
17.1838
55.092
81.5959
4.67371
41.4209
6.97108
7.10887
56.349
10.9719
32.3378
2.48418
9.64302
50.4681
16.469
4.51966
30.2158
37.7033
5.51606
15.5598
9.3372
4.77991
33.424
82.9788
10.4382
13.7646
103.221
7.35392
12.2329
27.3311
2.9723
138.343
39.4069
37.5658
37.4806
45.13
17.7798
2.74092
13.3696
39.8268
8.08384
11.7253
7.58365
13.3789
10.0217
4.11783
203.882
18.5983
146.462
21.6446
151.406
16.6395
10.2109
42.6385
7.60505
1.91784
247.221
30.3924
8.86816
21.5148
33.2331
17.353
7.51633
1.94402
35.253
31.4932
2.56356
40.396
178.789
10.8635
9.56646
10.3001
26.1792
3.2642
5.81313
15.5537
5.71836
4.19858
35.5553
16.199
30.3858
6.49778
9.0453
8.68833
75.1454
18.0105
6.89635
5.06396
5.99306
19.1372
8.91845
29.8862
3.77038
247.102
54.5435
27.7694
8.23852
4.57409
533.142
238.995
76.3273
18.884
49.7445
8.49401
2.6209
7.91006
71.2891
9.28117
29.434
13.2102
19.0891
5.19004
27.9913
6.12617
17.84
25.572
7.13095
5.86424
4.18219
25.7601
45.2816
41.8689
25.7469
13.6457
89.8029
4.17076
56.3138
4.32082
23.2687
126.065
17.5575
22.3495
28.1772
26.1297
44.8115
16.8495
2.34155
4.21542
4.80618
7.89256
18.326
21.7382
15.2331
1368.14
8.59647
6.83902
91.8321
4.55322
15.1075
12.3183
8.65105
16.3731
15.2805
2.49207
6.44056
9.98719
1.17731
10.5784
8.5899
16.8723
1.10394
142.854
13.4498
7.72056
6.6591
5.37252
5.94899
8.73794
1.98827
6.08092
149.273
7.10671
150.053
27.4204
8.76519
16.5955
10.5228
1.99863
46.5017
65.977
73.5269
17.2537
4.27137
16.9597
3.1255
20.1582
17.4584
2.32288
10.7594
5.79315
13.0892
6.75267
11.2146
6.31034
5.21245
78.6403
15.2483
33.212
23.0716
20.2757
8.64015
122.837
15.8234
8.63353
7.65955
11.2394
69.9864
5.16039
173.482
36.4666
55.9805
7.79074
33.0758
6.24128
85.0017
121.207
4.67997
8.24815
19.5207
24.9174
5.98928
11.8951
45.4079
20.8048
4.24547
2.85135
26.8441
29.1124
241.481
19.6294
4.83283
7.53524
18.1881
10.9394
27.6382
57.0638
2.7309
9.34287
10.1191
11.8498
3.66366
40.3592
32.3983
99.9135
11.6292
7.38404
40.2431
7.57579
74.7056
5.55256
14.1206
7.3828
5.14346
11.8967
5.44819
7.33137
11.647
16.3539
84.9293
14.1021
5.97579
6.50936
27.7815
7.03343
9.38098
29.6492
13.5338
5.38039
46.2533
23.8622
3.61835
14.2847
21.2775
3.23825
101.722
28.4528
21.8914
27.5166
33.8325
16.8909
1.97764
25.0582
13.0897
60.8104
81.2683
32.365
30.4438
21.2986
17.6305
10.9649
12.3938
37.2432
5.70987
10.6457
20.6034
11.9797
79.6912
30.5086
41.8952
4.92106
5.38024
16.0893
141.983
16.8251
21.6018
143.027
13.7708
3.91561
11.5805
4.35092
60.982
6.54603
6.5482
21.4681
14.7739
2.12916
21.5989
27.8717
19.0195
51.5274
95.3105
22.3617
37.1171
10.1309
28.7285
27.4756
22.9113
35.7986
124.068
4.16637
5.31709
71.6332
21.9963
13.9534
8.95506
2.18612
17.3159
10.6136
22.6326
11.5496
13.855
2.69437
6.09038
0.649883
11.4956
9.10937
9.42797
109.543
6.68376
10.5553
69.9909
4.89719
8.55923
20.7688
16.7399
95.9408
7.35599
21.6137
19.4555
12.6863
41.3942
21.8867
83.5403
9.5129
11.0171
4.34666
19.1039
18.969
66.4418
11.7058
13.9366
39.7312
9.20406
16.5019
40.4319
36.1288
9.56191
0.828252
23.2608
20.2356
17.048
70.868
31.5063
40.6043
6.08793
25.8543
5.68626
13.9106
52.6613
99.454
49.2819
19.2582
53.4208
7.188
1.1241
20.585
42.7733
27.5428
30.4346
26.8131
15.4216
11.962
3.43537
31.3481
14.9013
17.184
2.10511
24.5419
2.7387
28.5914
143.914
45.1763
28.3872
18.2097
15.9492
2.20032
15.0384
277.695
8.38474
16.63
7.4523
239.396
29.8466
19.4567
144.093
24.4888
34.6378
7.39579
64.2086
35.2933
32.0545
28.1237
20.7807
42.4591
2.33596
5.49325
9.5472
5.24584
41.4323
13.8285
13.383
29.2345
0.789437
12.7104
39.1493
17.5891
97.7221
3.53695
8.6219
25.3301
6.84846
13.1219
3.98498
5.13995
202.915
97.0677
13.3614
5.92607
11.0058
2.04834
21.8534
5.23502
17.4924
10.5826
11.0924
5.26336
20.3374
5.2761
15.6594
2.50535
13.4463
48.7561
7.56424
34.2983
343.315
56.8597
7.09147
5.12763
1.4649
13.3076
13.5399
23.2976
20.2185
12.9718
7.69069
27.5807
9.99789
2.62278
62.6187
17.6779
17.6372
159.053
12.8094
27.9716
9.2454
15.4916
10.6574
3.27407
14.4427
11.7623
10.3923
215.909
8.17173
21.8277
4.11016
25.0138
16.116
191.757
28.5453
59.8579
3.65993
27.5713
67.3731
347.825
6.43575
8.19625
124.264
2050.35
3.26837
0.627359
23.0822
47.295
1.94157
13.8876
60.0954
7.34109
27.9317
14.6274
6.52358
111.358
299.96
121.067
1.67939
50.8793
18.5617
103.585
12.0415
12.7109
5.67124
3.69615
12.6893
6.61322
6.33882
3.76854
10.2117
37.693
18.6156
55.6682
4.9076
1.55315
19.0863
6.90875
3.20781
4.21853
3.75552
160.991
10.4077
8.34257
20.379
1.82174
9.38326
20.4978
10.7909
41.6087
86.2014
16.2115
3.40624
14.0871
6.00857
8.85675
2.36567
27.2726
7.58617
12.6655
3.20878
96.6588
16.4332
5.0223
24.9486
25.8458
7.48878
37.7981
12.571
9.16307
40.8178
8.96592
76.1489
9.84668
10.9058
8.51074
93.9552
2.03069
9.11038
11.7042
34.2746
877.286
1.30347
127.412
25.6204
18.172
4.88546
39.9285
3.30821
5.32029
107.957
8.68354
11.0982
19.62
9.16205
1.93406
54.6841
92.5674
5.76297
1123.01
19.7794
56.184
15.8091
1.82606
14.2787
62.5629
8.1633
10.7345
32.3472
6.35891
14.3914
14.2217
15.5004
3.86809
12.6163
22.9664
4.34964
4.78147
60.0442
4.71273
13.2279
729.442
16.48
55.0284
8.73308
9.76029
16.0047
6.54364
13.9929
15.8638
59.1835
3.4658
2.46501
13.2923
26.2619
57.142
12.5119
11.7482
21.2577
91.3846
16.3641
15.063
22.5338
51.2024
43.1172
18.0253
2.38517
5.99312
11.3981
16.0797
198.137
3.22282
5.40751
8.98294
7.69948
8.81438
24.7345
23.9219
7.703
4.96549
44.9867
45.7362
239.802
13.4456
5.69303
11.6971
10.4586
8.96029
16.1668
6.11298
1.11217
8.30036
6.28064
3.25725
1.28164
26.2697
3.93181
82.1461
2.88412
65.3632
4.28288
4.9717
13.1122
148.208
7.34543
2.53588
6.181
44.0779
17.37
28.3578
3.40607
6.619
16.74
26.6017
8.56071
12.2286
42.1417
20.701
27.9716
22.1332
4.41093
12.8092
6.17699
24.5869
79.2673
33.8672
6.17656
8.55043
423.425
33.0864
4.7687
7.87016
12.4449
15.4729
38.7864
33.4052
7.58374
2.7728
36.2297
47.8428
11.1262
8.6193
33.7669
9.53657
6.30318
12.0401
5.76617
36.4802
23.195
18.0981
89.7668
33.6176
3.74323
2.82932
56.6067
10.0443
6.25891
12.9265
24.4252
16.4405
4.72486
7.82822
7.86554
11.0276
66.5446
16.722
8.71401
23.1515
9.97516
309.499
3.73943
249.895
13.0215
12.03
7.41408
47.3693
26.2995
10.6575
1.6059
30.842
32.1764
17.1837
4.77584
1.84578
13.0671
11.9913
19.5832
2.67132
16.1495
67.9228
3.94974
34.8621
10.1836
3.58759
10.5002
28.2048
15.3515
52.8617
7.11255
1.59987
23.2832
7.17601
11.2514
37.8015
28.8163
1.56082
5.03949
18.2467
3.49934
107.047
96.7059
48.6971
19.7863
52.6971
3.65248
30.7363
4.59117
5.02365
45.6562
71.6745
8.18077
20.0106
24.9003
22.2279
5.85255
200.836
6.12313
61.3846
17.3846
19.9671
6.07402
16.5202
4.05798
3.10845
16.0141
4.49118
16.2231
14.2005
6.67852
16.284
33.2741
6.50403
70.5983
57.7317
5.35285
37.783
4.46276
19.8312
13.5495
39.5974
33.6521
14.6249
60.4629
4.51532
32.9283
107.609
17.5608
51.1428
4.75842
22.1031
8.98229
55.052
81.487
42.2183
21.0826
7.50438
12.4628
11.6912
114.391
10.5833
13.4865
9.63306
34.5625
23.7779
9.49147
3.63298
14.547
22.405
34.7089
35.9895
16.889
5.85949
14.1798
75.5884
57.2078
24.1983
17.1868
17.3515
9.15876
4.64733
4.95684
4.57808
14.0227
11.141
52.4038
27.5186
31.5851
2.51192
14.8506
3.07801
4.99311
63.8101
6.67754
19.4197
5.32214
163.268
8.85341
9.79444
6.25103
7.50681
3.8736
14.3336
24.8352
54.164
591.737
15.0853
39.9118
453.682
9.28299
4.4645
7.77674
16.9361
156.749
8.67314
39.0817
12.5711
22.2634
0.965249
15.5829
80.3958
61.9599
26.3965
49.831
11.0331
33.953
21.0463
20.2789
127.059
11.3812
47.0717
20.3864
8.95179
14.7812
6.55313
9.4239
13.3428
10.5923
10.341
10.2458
14.8724
194.366
60.8355
4.28488
21.4192
148.982
14.9722
33.6816
21.4611
101.849
2.15523
31.0832
120.08
25.4278
9.19397
22.6412
10.424
7.2134
15.7626
4.48473
21.34
35.4722
13.7872
14.4352
702.805
377.154
19.924
31.2992
58.3752
5.70742
25.9517
18.9464
2.39532
57.1938
19.4323
13.0781
9.43516
12.5258
22.0054
4.75559
6.45113
28.8783
14.3278
47.1579
58.5
4.31864
50.6769
5.59453
99.9647
4.87958
46.3819
28.3053
24.7982
100.251
152.219
141.302
5.652
23.888
85.0639
2.8864
6.08623
14.0056
30.0968
1846.4
2.48804
2.93139
34.2932
11.6637
2.25161
35.4198
25.3644
966.166
129.001
5.87246
18.0613
25.3736
23.9783
6.92545
23.4287
14.134
5.50729
45.6853
5.43883
28.2353
6.67881
3.81575
6.99051
14.3437
27.1375
10.801
28.8951
3.84026
8.8076
49.6531
8.22122
0.97659
149.85
8.83894
10.5402
7.26067
64.5535
5.33944
12.6605
1.85723
65.489
11.4498
23.2342
27.6887
33.8626
9.99683
11.7338
16.3306
16.1183
18.1076
38.6119
54.271
14.9578
31.7121
11.2209
16.8526
22.5746
12.7973
378.532
5.71259
66.0047
2.79866
10.7084
11.88
1.64173
68.9724
6.17211
30.8937
0.818381
25.4259
25.0004
23.6549
4.83071
33.4996
389.235
10.0376
38.5271
0.662546
10.5653
20.7669
3.03694
60.6744
6.32688
10.9522
3.02965
3.17655
46.4607
12.6454
13.2597
17.0425
3.64749
40.679
1.04743
31.1372
11.6763
926.976
21.1506
61.2853
7.65711
2.34149
10.1316
82.9268
95.3093
30.5012
28.6535
7.09864
80.1261
1.46969
3.94821
17.4043
425.718
5.11104
18.4087
3.61273
1.61535
12.8549
32.5805
4.21945
4.00716
30.6379
9.84597
66.943
17.5132
48.596
83.4295
3.03013
24.5408
11.9749
6.10923
15.9873
105.55
27.4653
3.16805
43.7591
25.2251
31.1969
10.9535
51.1072
13.3206
45.5806
161.135
7.80703
25.9471
12.0548
20.9487
5.87904
9.78771
83.9671
1.32518
4.48403
120.426
8.22986
19.2948
100.844
30.0232
14.1112
4.65827
3.97264
17.9001
18.4295
122.278
24.4566
58.9049
6.08264
2.04434
9.7596
7.25177
2185.74
29.5271
27.7878
7.14688
8.17691
20.5336
15.678
7.45236
11.3409
10.5381
10.6023
12.8871
100.303
10.7411
14.1031
17.0439
11.6453
3.36392
9.56442
87.5133
18.1019
10.8873
4.63978
2.68757
7.90988
89.5085
26.9092
11.5726
7.59297
7.14697
35.5459
84.3058
5.0307
2.98313
3.17286
32.1527
43.7197
3.28022
52.749
5.73154
19.5683
115.405
113.074
13.5269
4.90024
8.07239
8.16047
18.8524
7.7903
12.1099
25.4218
26.4059
7.10046
5.71188
8.38549
2.40072
18.3551
11.5934
11.5257
27.7344
71.238
9.28624
5.9305
5.0846
20.7592
25.6219
65.8382
14.6233
3.94602
6.60206
8.57314
10.3632
41.4808
5.8332
9.0332
9.04979
9.78499
2.39097
85.3076
15.7856
11.5095
22.3096
5.48066
14.9256
5.88489
12.7326
466.743
22.6177
5.64128
7.67288
1.49485
15.2754
8.34933
60.9349
3.1032
19.0801
315.169
16.053
13.3116
7.72291
17.0935
17.2547
21.2494
229.817
57.9082
27.8356
39.1212
7.50853
26.2658
2.98576
8.3222
11.0454
7.71914
52.3678
2.02184
18.1031
17.2367
59.3232
9.36636
54.9691
27.2762
6.42184
32.8875
6.61718
5.78852
34.0767
12.7099
23.9889
3.9236
4.08139
15.447
15.3459
11.2265
61.7006
47.4755
19.8783
7.93039
1.20928
3.60437
8.69429
7.1243
45.4283
8.4977
9.86696
6.58009
9.11361
31.0257
74.5355
39.3509
8.19595
7.70288
17.33
19.4761
97.6263
38.2077
48.5432
2.71133
7.40946
5.42403
7.79312
14.2132
11.9754
23.8864
13.8597
18.6592
7.65203
14.9282
156.716
5.78504
10.7104
6.251
46.3996
52.4068
10.6017
125.812
35.8229
40.9792
5.81821
18.7146
15.6273
30.7833
5.06902
1.71162
2.60768
1.69953
105.275
37.2536
6.85587
37.3268
84.7531
6.66105
14.0006
8.36162
8.14767
7.98629
48.693
5.29454
29.144
3.75688
7.43544
9.96091
27.5863
42.4677
65.8286
4.38734
59.9838
19.3775
18.5305
5.03986
615.323
10.3596
27.0766
27.8944
20.2412
27.9347
7.01302
14.2196
15.5644
27.1381
16.8847
16.2434
9.42817
10.2279
3.21955
13.9362
34.1827
9.86332
5.66666
37.3434
18.1191
81.2636
3.88336
9.801
42.6999
26.3226
15.0823
272.171
92.4364
7.46046
7.26307
44.1809
30.8656
9.26295
71.3634
12.6311
19.1597
11.974
2.80297
3.60142
18.8752
16.9049
45.0695
26.8878
41.1234
5.96292
40.6033
3.85108
53.7426
11.2761
11.6278
26.5469
14.2533
7.14184
21.3719
33.039
11.6252
2.60372
27.5555
80.2625
22.4312
19.0671
42.7017
107.701
203.515
7.4059
9.81737
18.1873
35.9112
15.7105
12.2985
15.9938
29.4096
11.16
1.26271
67.4005
56.6238
4.80943
8.21265
18.542
16.9662
30.9985
89.6231
30.7274
50.1177
72.9542
11.1976
29.1701
29.8567
15.8263
12.9184
19.1126
21.3666
15.1692
133.387
10.7264
67.4429
50.7802
6.55879
18.9216
21.9662
19.174
11.1029
39.0295
10.1658
20.6059
19.7934
5.29084
55.686
10.8968
579.102
7.28137
92.97
6.9744
17.297
14.0372
52.1534
8.91808
74.3959
47.8368
8.41342
22.1228
2.6554
21.0512
6.75494
23.6328
29.166
25.0543
9.69839
36.7621
4.5319
51.8476
10.0836
8.27555
39.2007
22.5446
8.93363
24.0554
72.7069
50.2944
24.9024
1387.27
12.5109
29.189
43.0771
34.7477
0.730229
7.39374
31.1405
6.39827
14.8762
49.8238
9.11647
14.6226
128.654
18.3319
3.08647
10.251
11.8124
4.36173
51.9394
30.3208
23.2931
17.0235
42.5924
26.5243
9.13155
40.6712
26.779
8.28709
21.4591
3.94339
8.3536
81.6914
8.06059
49.6629
7.61412
0.747974
4.62158
3.12281
10.9335
14.2633
10.2563
65.2608
4.85953
56.9159
23.9774
47.129
2.82411
7.79318
5.24027
26.7864
17.8424
0.880387
3.43257
28.7966
11.8099
48.9774
319.708
13.8031
13.9288
20.8538
74.2068
40.5906
3.24646
40.7369
5.90723
17.9987
6.05475
8.86459
23.6527
50.4878
8.5927
7.81121
18.7433
4.4926
13.1611
1.99499
14.1166
8.73609
86.7425
14.1169
63.3853
9.72295
15.6024
21.0445
14.1907
7.46032
137.581
2.94545
5.02573
19.9131
24.2893
26.9595
39.514
12.9006
47.2758
17.0327
74.5554
21.1808
19.3818
1.37583
17.7531
5.37714
23.3372
3.48863
34.7441
5.89127
9.11596
9.27621
2.21013
33.9028
26.9164
43.5178
48.0466
8.00507
13.7535
12.5652
95.9017
13.77
18.8026
14.6819
18.5001
20.143
38.213
1.91115
6.03258
79.9319
20.1375
57.431
8.93746
3.83015
8.52727
4.78138
14.5779
17.8625
64.8036
72.4164
90.9082
30.7783
6.81362
4.01758
7.128
1.06338
181.695
3.37121
2.25015
16.1488
63.7177
19.7377
7.42879
48.9206
21.6768
27.4587
55.2463
10.8557
176.639
37.1322
40.5607
47.5026
2.54408
19.1658
65.387
16.0115
12.6135
13.0682
5.93467
2.46155
6.91181
74.9804
198.974
7.41096
44.3873
1.84782
86.8576
23.0836
12.4889
59.0495
47.371
2.86511
6.46814
7.75633
84.4699
12.0823
14.0101
20.6935
11.3723
36.6181
5.43019
55.5977
9.48789
7.38755
9.37905
2.27058
2.1086
81.9193
5.77106
7.79142
16.3073
2.52132
7.80326
56.0058
7.3694
26.0976
72.6162
6.73112
6.21738
9.94653
10.0358
3.49069
2.80874
11.1203
6.40419
9.05157
20.3532
22.0187
21.2851
7.63132
8.43113
25.4102
20.3658
8.98968
8.07064
20.7205
6.95908
10.8052
5.9385
10.614
2.09759
12.1543
4.58891
1.06755
16.0113
8.14575
3.26827
19.9372
9.7113
61.26
9.7478
58.8058
6.38012
16.4159
75.5905
7.65235
7.7888
20.2939
21.1127
4.90831
38.1884
59.2305
3.01209
11.0321
20.6171
176.419
17.4484
12.2614
70.4342
6.55222
26.9064
20.5814
32.3371
641.762
64.9478
10.7707
318.006
38.1092
73.113
77.8319
7.90065
2.55107
32.2393
23.9487
110.852
10.7178
35.0692
32.9265
7.46752
4.96034
6.39051
78.5318
80.41
16.512
7.30008
34.9509
1.8333
1.5831
9.57761
3.29525
25.3071
6.10439
4.69326
9.69292
251.966
14.9807
18.9195
9.26204
5.0227
9.20431
4.33076
20.8346
7.45206
2.55043
4.76166
110.287
15.4259
15.3568
10.1201
35.5097
145.482
62.912
3.27431
60.643
60.0776
44.0864
37.7564
4.42127
7.56639
20.1127
23.3617
44.1635
153.584
1.1967
15.1196
5.20464
2.4048
7.62746
11.9981
7.97415
2.68015
10.2516
8.79959
9.66046
34.8646
25.4086
1.67207
4.31594
51.2513
87.5613
52.6734
18.667
0.538772
7.21676
18.9331
34.6284
3.25692
113.346
5.50558
466.409
113.203
41.7673
11.8754
5.95377
157.664
10.4666
9.13932
5.16485
35.2551
41.7565
41.129
5.76458
12.0682
26.0572
10.6805
16.3924
10.2314
49.6296
33.6248
18.4613
10.1733
19.5302
46.8994
20.2966
25.3436
39.9815
56.2043
34.7996
1.48452
44.3996
32.2512
101.83
49.5446
27.6129
10.1397
11.8802
2.26533
5.30295
19.4561
15.1696
15.9586
9.70868
8.07243
11.5761
49.5502
32.1505
48.2853
38.083
9.86634
1.81021
1.79579
7.64621
6.34386
23.5085
103.97
145.432
7.1522
15.2321
19.3388
44.8017
47.4389
7.47752
6.5855
3.43793
263.278
2.52891
35.9737
66.5551
15.9665
10.785
4.50379
64.3086
4064.2
8.64329
10.4945
293.24
9.5565
31.452
54.3124
10.9339
21.0072
18.4752
13.4679
47.5891
42.2911
30.5268
3.04193
145.565
6.53054
2.69607
83.5995
6.19993
89.2417
6.74412
19.5178
424.886
6.87975
8.19852
33.1036
35.2835
391.84
9.42931
196.752
127.864
68.2256
32.6358
23.5381
1.44943
4.34617
33.6827
10.3708
7.69231
18.7521
1.84642
13.3343
82.8335
1.83115
4.69091
12.0775
32.0981
46.4016
152.413
2.79057
10.7271
32.8945
6.56599
3.216
40.5668
33.589
8.04784
1118.12
29.6404
36.9011
12.183
6.58153
9.98299
155.234
4.62211
5.02153
19.8439
14.6487
158.111
11.7357
22.3658
75.4923
164.241
5.70702
18.0507
93.4476
4.5363
3.37527
79.0471
9.69569
162.162
30.8485
5.12649
13.584
42.0623
23.0366
220.527
49.1929
15.0611
26.2496
20.7253
3.60309
2.16261
93.4008
17.9775
6.60646
17.2084
3.55907
75.9801
320.137
9.06009
11.0917
8.04473
3.12226
7.32232
102.359
8.66496
18.1222
2.39227
9.26656
26.8973
15.9226
45.7007
10.1677
12.5687
8.25098
15.6274
60.708
6.97267
14.555
75.6822
7.78966
11.7527
35.6855
25.9925
130.061
4.72509
62.0548
80.8408
6.19443
30.1013
29.1455
5.40958
3.88078
9.10854
11.4944
17.4913
15.0317
7.35518
62.7809
8.36098
24.9908
12.1243
12.554
24.1026
21.6694
13.808
384.155
4.77848
9.60054
31.9039
25.8987
23.1911
6.59698
10.6757
12.7111
16.3458
1.62339
1.70088
163.881
2.05622
4.59339
12.8437
18.9349
6.56116
561.614
4.67474
14.7497
91.2015
4.73554
32.3368
35.031
45.2202
2.87141
17.7187
44.7127
3.32883
1.52962
48.6747
12.0325
2.99638
13.0811
10.8871
18.2767
2.90345
33.9293
47.7613
14.702
13.6478
9.50387
12.8216
25.2814
29.7195
5.15322
10.3619
3.38609
11.6751
4.08753
1.92653
12.7335
7.87896
68.527
51.5631
9.92909
1.76356
1970.13
18.4405
69.4988
2787.37
282.69
35.5124
18.1247
2.39823
10.0367
13.6825
20.893
7.53692
23.4796
291.041
32.4812
34.6443
15.7695
22.4993
21.0292
6.99446
10.1914
9.12904
3.02387
5.00037
7.43431
22.8511
4.34005
3.36354
30.969
8.60548
12.5735
30.872
18.2244
3.35799
10.7395
32.4949
50.261
100.596
4.01985
4.38178
13.3989
1.31481
4.24872
14.2957
6.32801
94.589
8.03859
38.827
33.6773
14.2097
10.3507
101.24
44.4503
10.1764
28.0914
20.3362
231.572
36.5877
2.92138
16.3042
22.4074
26.5648
9.78041
38.2
16.6006
17.5496
5.76479
19.6039
35.4553
363.217
43.7751
98.4721
22.3208
26.8921
2.81167
11.2993
6.50076
3.70522
88.6908
202.634
56.8128
24.2066
16.9693
12.9135
9.76063
15.421
4.96186
7.14598
3.92901
1.69441
3.17469
23.6424
6.0909
3.02013
42.3174
23.3173
237.46
6.08534
14.8262
3.8048
6.54859
9.52466
16.7984
10.4373
44.0628
44.9724
27.4066
31.226
19.2524
400.958
26.1173
1.10883
9.53056
7.63231
27.7664
18.2629
1.61471
9.46413
5.19674
19.8412
7.60291
31.9828
20.2584
5.76132
8.7154
5.72354
8.78636
2.98927
3.31573
13.8769
7.66817
94.468
15.7333
83.1807
10.1707
15.5192
4.74315
51.3272
7.72097
52.1774
7.36954
11.7316
8.0419
11.7438
9.726
7.08389
4.51958
20.3509
13.4603
17.4441
10.8105
11.9646
24.9268
4.60094
56.8603
1.82179
12.9611
3.83488
14.114
152.45
65.0663
66.525
18.6581
9.43983
39.3888
57.9624
71.1056
51.8052
38.5204
66.4387
15.8085
15.1071
4.37538
16.8759
6.35293
0.815791
5.04514
32.3465
64.7444
7.38109
137.192
27.4467
19.2758
27.5814
37.4332
14.2239
12.3913
27.1464
0.893361
5.42368
19.4373
46.2538
58.986
81.4368
2.71872
21.6145
5.20793
22.6989
11.2191
56.6886
20.1338
5.55628
4.37099
16.7874
133.263
2.73725
3.95608
99.8352
6.03843
19.0242
28.345
162.236
11.3462
65.3624
12.6792
12.8262
25.1293
5.04294
15.6531
52.1301
28.456
40.8542
5.45904
2.89582
1.67862
9.91774
21.2219
20.6153
31.0752
3.28156
12.4588
147.96
9.2973
19.7308
33.018
5.92967
5.46184
32.8473
4.43962
4.95093
20.5319
7.56249
7.17747
24.0835
51.6167
3.86113
20.9702
6.58139
13.1411
22.1238
21.5374
15.8502
10.8805
42.4788
169.211
659.226
16.2361
30.9399
74.9024
6.40177
35.1836
77.1979
12.2767
7.85414
0.753943
12.3124
2.66472
39.5809
71.5261
8.57385
21.9836
26.7867
24.2795
15.7048
4.79482
24.0113
100.74
22.9214
72.6307
29.8602
33.4021
10.8084
27.1372
4.94477
1.21346
16.4772
52.1116
2.21076
5.27248
9.73499
21.1335
109.831
21.5335
5.11193
13.4244
8.47251
46.0333
9.31971
6.36492
7.154
1.96217
25.4998
12.0122
30.8679
13.643
30.8899
12.8949
9.58065
34.1616
32.9742
2.25068
3.20797
23.2885
8.46619
24.2059
17.7808
15.2634
3.90954
10.0913
25.5834
47.3408
48.8327
17.328
13.2948
4.6154
12.6578
4.56885
12.0143
58.5803
62.7541
26.0144
68.1327
39.835
17.8682
3.56127
2.14612
17.6299
2.93582
3.91385
11.4492
3.46265
9.19056
3.25089
12.6411
14.9956
11.0172
54.7874
66.7532
6.42847
3.62103
5.21414
19.2911
5.6892
8.87725
23.9113
218.12
19.7096
41.2655
4.88053
10.335
40.1685
24.5809
13.5005
6.85122
10.3171
6.49361
12.0803
10.8566
42.5136
45.9272
10.5809
54.2617
291.527
10.8179
17.9224
68.4744
4.28187
52.3847
22.0398
10.5608
2.58561
7.41683
33.0015
7.03354
3.49836
29.6195
18.9261
28.0415
87.5515
8.94213
38.384
52.4752
34.5499
260.609
10.4135
14.6249
46.0583
6.89352
76.6558
11.945
16.0111
15.3499
10.3675
3184.07
25.3638
3.92306
23.4435
5.22579
4.48069
12.5571
2.96027
16.9514
20.843
33.2898
21.423
11.8462
7.23894
14.2412
8.39351
12.8795
8.85439
28.306
33.2909
5.08191
5.80871
11.7429
9.03676
13.9786
4.80257
50.5508
4.57454
4.65808
75.1532
7.85695
8.76225
9.30706
56.0067
13.2399
14.4294
1.26094
70.2483
92.3608
2.28454
19.1628
5.05979
2.60903
4.37704
38.899
12.0703
162.565
14.2731
31.2239
2.88606
17.7245
56.0901
3.26541
449.049
41.7757
1.82718
18.4168
1.9793
54.7891
3.37033
43.1711
51.9939
37.2523
8.99832
56.7617
18.0003
66.7872
3.54367
23.3081
27.1142
27.0169
12.7523
160.893
20.4269
3.3257
24.7095
6.27346
7.51527
4.7408
133.701
18.0012
10.7294
25.3081
15.6815
2.02802
4.90923
13.0701
27.0251
12.5144
28.8487
46.4728
11.4535
53.0936
7.72936
5.03427
30.0219
6.89846
19.7284
11.1588
37.7515
20.3409
11.1218
78.6348
180.574
10.8455
23.272
99.0412
20.3564
51.2345
3.35257
112.762
16.9027
43.9408
7.35322
4.954
65.0367
6.04056
48.4625
16.5466
22.9201
13.5844
8.16196
9.03428
10.3984
28.796
20.8011
93.812
10.0933
7.92127
9.72735
16.4377
24.233
3.85961
16.1618
218.004
4.63169
7.35013
84.5651
49.9772
12.7336
5.20749
1.24626
28.0596
8.14074
18.7556
228.74
23.2732
25.8579
6.454
7.74537
16.71
61.2434
36.3944
8.42718
9.0644
21.0905
22.0155
25.9567
4.09815
14.4603
2.20844
9.64183
6.68943
15.3175
19.6141
0.77856
31.5359
4.35275
5.83268
26.2325
24.7952
8.01567
4.50458
24.5055
7.16302
4.13201
1.96572
26.1674
9.68132
5.79822
6.42707
50.8019
22.6981
21.2966
18.4729
29.9637
68.2309
43.8604
4.64882
15.0233
28.9434
24.9269
2.96374
27.0545
3.57668
19.7047
42.5148
1.46282
18.9113
9.00219
27.5741
6.28059
207.065
74.3505
38.7053
5.94944
6.32502
32.0255
5.01828
13.691
31.9935
12.294
7.34739
19.028
41.8837
4.94894
9.28514
36.9668
6.71291
51.2122
14.9545
246.67
6.06275
3.96783
8.81828
12.2074
32.3131
18.8138
37.5869
19.0302
1585.69
41.2425
4.40093
28.3274
22.6401
4.67818
27.572
32.6546
26.5176
435.625
8.74457
42.4072
56.5233
3.96169
17.6827
12.4598
11.3337
24.1889
56.5976
13.4134
12.244
88.5327
32.6168
41.1065
47.0441
28.3133
45.5314
38.3786
105.917
54.0467
29.8622
27.5337
6.91503
5.04379
20.4825
8.19809
14.6422
10.6059
40.3725
77.6474
13.7087
29.263
41.6506
28.0732
1.09977
54.0775
27.5613
39.6684
49.7107
6.44231
2.26527
28.3355
24.8287
16.0278
25.5286
20.1619
21.4096
16.7959
6.6759
19.306
9.99564
19.9288
11.7502
16.5195
81.8192
10.9701
8.03073
63.5277
14.1569
4.12658
83.385
7.51963
8.12156
8.60954
19.373
20.8758
6.38764
25.3178
84.8024
10.0947
54.8641
32.5838
84.3635
56.0293
396.667
114.84
6.88783
52.1027
7.39628
1.64972
52.9311
1.95269
37.4108
52.4195
3.51539
24.0362
263.583
4.17449
2.71964
12.2825
34.3092
46.592
7.26556
32.3453
11.8679
6.28678
0.615363
41.3904
340.42
91.9081
48.0974
5.69631
2.98533
4.81565
8.27442
6.41224
1.67379
47.1355
13.184
27.5371
2.80973
13.7116
7.04461
21.053
3.54602
3.81235
7.55271
37.2672
66.2831
14.2406
26.122
50.2496
7.32445
8.61689
5.37484
6.55565
11.4638
187.086
7.02042
32.7989
12.8657
4.03472
14.8334
29.3809
29.6209
15.7598
104.888
22.6538
9.49556
89.8252
5.81841
21.7042
188.389
141.946
14.7954
63.0951
5.75784
0.60729
9.3523
10.8214
13.8266
3.42078
3.44799
21.2009
113.188
25.0403
19.1958
53.2999
17.0299
1289.97
9.02205
6.30709
40.1393
11.9723
8.44287
85.5913
46.3018
71.438
5.72298
8.36031
6.60388
12.6769
18.1255
10.3171
17.3709
8.94037
4.00598
119.209
9.61756
26.4572
935.915
23.9575
139.843
17.8918
5.88358
8.42754
21.2709
18.8694
16.5865
11.5089
92.5867
23.026
54.2931
3.99191
7.42292
9.79143
24.7371
17.456
11.1436
104.584
17.3923
17.9837
9.30392
60.9006
26.1706
34.0894
3.19576
12.4005
37.2628
18.8482
35.0464
1.91878
10.6195
23.4063
12.4613
13.0099
13.6484
30.4496
3.19092
31.5764
49.4649
76.6535
121.026
57.8904
8.69269
30.5875
5.28207
6.83186
43.5536
9.35849
22.5537
47.5272
18.0671
7.85077
41.2104
9.18103
57.8595
61.0991
85.9046
5.24092
41.7845
21.2971
10.033
6.20549
5.10197
12.7404
5.79481
9.49165
36.7495
14.1595
3.25674
11.7493
11.3067
9.32319
10.4715
4.30743
7.70364
2.19639
73.0421
0.944825
14.1611
1.2576
74.721
106.592
3.65174
15.3832
43.0634
63.3656
19.0184
4.4724
8.13349
9.62833
16.9388
10.0549
43.5645
7.80392
51.1312
243.892
4.51062
16.6797
36.7985
54.1163
4.49198
27.7098
17.5171
19.2908
12.6014
4.84246
64.6761
6.18363
13.0363
79.9521
59.7739
1359.71
5.66198
18.6596
2.0359
56.3509
34.6091
56.8041
2.05282
11.0571
52.369
16.16
5.07313
9.13389
16.9188
14.6832
0.987425
10.5232
13.0089
100.296
119.69
14.7218
48.5976
37.0955
31.3975
23.7656
79.4299
10.536
4.61861
28.7755
3.90023
3.68472
288.692
17.3222
19.9171
10.916
2.36426
50.791
19.2866
8.61606
3963.72
25.3634
10.9771
22.7811
3.63877
19.8213
0.816308
22.2156
4.14799
5.96881
6.08878
33.7672
22.1444
7.29191
22.0554
0.855588
138.363
14.2729
11.1053
8.53489
20.8454
84.4216
127.373
19.8538
12.022
5.73325
52.0148
18.195
143.742
9.04495
39.5339
7.4421
10.9467
10.1338
25.5509
63.9445
91.959
9.98753
44.4563
13.9901
60.9385
53.0561
7.72536
76.7843
8.26085
12.2206
39.2885
4.7436
32.1306
6.88989
10.577
4.16317
18.9974
16.9782
2.825
2.30899
19.9389
51.346
3.50252
36.4999
120.808
25.6928
4.99806
2.65152
2.3983
2.06696
3.78158
86.773
31.716
2.19119
47.9462
25.8123
2.92394
3.61122
90.4903
61.611
3.8607
5.97173
53.8107
55.8132
32.9651
30.1589
15.4034
12.8976
15.9229
5.5705
55.8752
5.97959
5.40601
15.0467
11.4153
20.5614
22.0602
29.0158
10.9745
3.17831
26.1329
17.9654
284.401
3.82394
54.6716
16.1258
18.8772
5.15869
9.75068
3.45664
37.1626
75.7215
10.4493
22.7278
42.8664
34.802
22.2522
50.6622
18.9535
16.6089
125.708
28.7491
62.5171
5.83104
34.2251
28.5373
7.69913
12.3465
4.20858
3.59605
1.56596
9.32732
12.5992
16.3784
30.8591
153.512
20.6917
16.3659
19.318
50.0314
1.47196
6.37445
4.35089
9.66881
11.9451
11.3258
2.88174
16.7895
3.37047
44.6392
9.90718
17.1573
47.1363
0.908354
5.25465
5.92137
15.2009
70.9164
20.6434
6.60937
5.08489
2.08604
11.7121
20.1148
6.78952
53.0167
111.356
21.2896
6.75456
7.82842
87.4815
31.0496
22.9271
55.1504
2.20732
55.4801
15.3007
35.488
116.784
3.89832
10.2131
15.0734
2.69376
11.8139
1.85912
11.5587
7.49697
16.6684
38.4193
44.2425
69.4072
154.558
4.29115
7.29514
11.0329
3.24624
25.6103
15.0347
86.5559
22.653
13.0936
27.1055
32.6677
37.646
8.7526
43.0156
475.382
20.1958
8.61424
2.47184
2.79422
18.2425
57.5537
3.68024
4.76005
1.67422
4.49863
11.3849
29.0616
8.99084
2.48356
18.7628
10.0185
91.714
18.6961
8.95613
5.51945
14.2832
1.78453
24.0111
30.8145
24.2203
7.5074
41.8908
18.3251
15.945
2.18797
53.5476
39.7668
47.2493
30.6395
13.435
6.13212
4.90074
4.9194
12.3101
12.6292
812.295
5.99499
20.318
3.33035
122.233
11.7867
6.94117
12.4968
9.96813
13.021
33.4929
35.0486
5.89799
13.1803
36.0437
110.373
10.8955
41.1804
36.6115
11.4799
111.453
8.29213
120.12
2.58494
6.07234
4.26998
4.35619
73.5867
145.057
6.17966
32.9025
2.84879
9.07492
3.9504
17.6422
10.1503
18.7731
178.901
37.0888
2.85263
61.7741
34.0358
113.688
3.87924
4.1457
21.0239
22.1699
15.7578
2.44856
57.9159
2.38177
46.0504
8.10824
8.60643
20.9057
75.6543
5.37682
6.64378
2.42637
6.04541
89.0297
23.4967
101.613
43.9186
11.9424
21.4601
2.31791
156.953
3.54271
19.2792
43.333
13.2579
7.56389
20.9958
54.5993
409.279
17.3615
36.9296
9.42644
8.23479
24.0586
12.2503
24.9386
17.6384
13.2122
35.3978
19.5563
9.63503
21.3509
36.1643
185.385
31.7671
14.9596
1.38114
7.61034
274.884
22.7999
61.1487
102.818
9.99664
4.33166
3.96542
21.6054
14.2215
113.564
13.079
15.7184
6.44064
5.52973
11.5903
8.95122
51.0315
40.3699
27.7678
16.6913
11.2455
26.4145
26.0946
22.039
27.4524
14.0046
1.81234
62.2208
5.62371
28.2904
100.421
7.63757
11.9307
2.22971
16.5717
26.5449
14.5751
104.4
10.0511
5.90061
14.8743
3.71734
13.3773
5.69387
4.34389
17.8031
55.8828
13.8259
48.6341
15.6221
0.804251
29.5308
8.84457
12.3748
602.578
10.9192
20.2678
52.0619
258.946
2.28683
80.4794
15.4388
2.57628
23.1859
21.0021
6.61331
22.7008
13.2118
280.545
16.7653
108.964
16.7616
13.3965
7.23168
49.2119
41.698
110.151
2.56279
39.3355
69.117
36.5024
367.955
58.6357
28.4633
7.83548
6.15314
17.4091
1.77977
25.5831
2.2665
9.88744
345.498
22.0906
33.5959
10.3263
3.50875
3.98647
74.1966
17.4365
5.92573
10.4186
153.575
12.5057
11.0971
7.24587
2.95418
5.39421
140.831
12.3791
13.701
15.2322
15.3789
12.7633
5.86593
3.67797
2.01237
1.68548
6.46932
35.1201
10.3769
5.40049
5.57192
34.9859
8.10354
8.53686
113.285
13.1389
2.63488
27.9353
50.0365
12.6986
6.5837
33.3351
11.378
4.70295
11.9685
32.281
9.14142
96.7299
14.7546
3.0003
5.16178
54.4009
5.17531
14.0445
4.80143
21.8536
5.81699
9.11225
179.573
57.7504
3.10079
34.7626
28.7352
14.3157
8.55342
2.96709
5.49148
59.7213
5.42284
2.40597
6.61717
1.51941
1.61557
45.4455
161.221
5.23361
75.8806
13.0825
45.7141
14.1163
4.41589
4.01682
1.11285
44.4677
5.55569
6.91938
52.9649
28.4633
2.92357
77.4953
30.0761
13.7093
137.468
9.56407
0.740463
201.424