1.27413
0.360013
0.284736
0.77396
1.15588
2.11858
1.9587
1.61317
18.3424
11.2503
2.2378
0.546639
36.2066
2.84757
218.554
0.139295
1.1358
0.646846
0.853592
1.51308
1.45285
1.45734
9.71554
1.33729
1.52088
2.83796
4.73744
3.20923
2.26227
4.20863
12.3542
0.270533
5.12401
0.790965
2.17105
2.3918
2.68315
12.0942
13.5832
6.37168
0.0391037
2.51427
4.71032
16.6547
0.795705
4.45999
2.05509
0.113722
1.6584
3.0813
4.44532
1.1645
0.682164
0.405696
1.0322
58.6194
1.3678
0.684188
4.34455
1.48749
2.71751
2.95838
18.8149
0.267046
8.95176
2.98527
3.22965
3.51625
6.86375
1.49973
0.578271
1.65805
3.25136
15.2081
1.59166
0.673842
0.0156552
1.39206
2.23389
0.978771
5.43735
3.76184
5.25193
3.77028
4.8313
1.25923
0.972648
4.20837
3.20644
6.52105
1.256
5.18162
0.0706471
3.1506
5.83039
0.175511
0.550855
1.61465
2.79204
1.42083